x y
44.6292 23.4189
43.9100 23.4545

45.3708 23.4108
44.6292 23.4189

46.1124 23.4330
45.3708 23.4108

46.4144 23.4545
46.1124 23.4330

39.4382 24.0926
38.8980 24.1818

40.1798 23.9655
39.4382 24.0926

40.9213 23.8393
40.1798 23.9655

41.6629 23.7195
40.9213 23.8393

42.4045 23.6120
41.6629 23.7195

43.1461 23.5223
42.4045 23.6120

43.8876 23.4557
43.1461 23.5223

43.9100 23.4545
43.8876 23.4557

46.4144 23.4545
46.8539 23.4880

47.5955 23.5759
46.8539 23.4880

48.3371 23.6923
47.5955 23.5759

49.0787 23.8324
48.3371 23.6923

49.8202 23.9902
49.0787 23.8324

50.5618 24.1583
49.8202 23.9902

50.6642 24.1818
50.5618 24.1583

31.2809 24.9053
31.1936 24.9091

32.0225 24.8703
31.2809 24.9053

32.7640 24.8317
32.0225 24.8703

33.5056 24.7884
32.7640 24.8317

34.2472 24.7389
33.5056 24.7884

34.9888 24.6815
34.2472 24.7389

35.7303 24.6142
34.9888 24.6815

36.4719 24.5350
35.7303 24.6142

37.2135 24.4424
36.4719 24.5350

37.9551 24.3361
37.2135 24.4424

38.6966 24.2170
37.9551 24.3361

38.8980 24.1818
38.6966 24.2170

50.6642 24.1818
51.3034 24.3374

52.0449 24.5089
51.3034 24.3374

52.7865 24.6638
52.0449 24.5089

53.5281 24.7964
52.7865 24.6638

54.2697 24.9036
53.5281 24.7964

54.3196 24.9091
54.2697 24.9036

22.3820 25.5995
22.2260 25.6364

23.1236 25.4602
22.3820 25.5995

23.8652 25.3507
23.1236 25.4602

24.6067 25.2654
23.8652 25.3507

25.3483 25.1987
24.6067 25.2654

26.0899 25.1459
25.3483 25.1987

26.8315 25.1030
26.0899 25.1459

27.5730 25.0664
26.8315 25.1030

28.3146 25.0335
27.5730 25.0664

29.0562 25.0023
28.3146 25.0335

29.7978 24.9712
29.0562 25.0023

30.5393 24.9391
29.7978 24.9712

31.1936 24.9091
30.5393 24.9391

54.3196 24.9091
55.0112 24.9896

55.7528 25.0502
55.0112 24.9896

56.4944 25.0885
55.7528 25.0502

57.2360 25.1085
56.4944 25.0885

57.9775 25.1141
57.2360 25.1085

58.7191 25.1092
57.9775 25.1141

59.4607 25.0973
58.7191 25.1092

60.2022 25.0818
59.4607 25.0973

60.9438 25.0657
60.2022 25.0818

61.6854 25.0521
60.9438 25.0657

62.4270 25.0440
61.6854 25.0521

63.1685 25.0446
62.4270 25.0440

63.9101 25.0571
63.1685 25.0446

64.6517 25.0854
63.9101 25.0571

65.3933 25.1334
64.6517 25.0854

66.1348 25.2056
65.3933 25.1334

66.8764 25.3064
66.1348 25.2056

67.6180 25.4407
66.8764 25.3064

68.3596 25.6135
67.6180 25.4407

68.4383 25.6364
68.3596 25.6135

20.1573 26.3085
20.0381 26.3636

20.8989 26.0217
20.1573 26.3085

21.6404 25.7864
20.8989 26.0217

22.2260 25.6364
21.6404 25.7864

68.4383 25.6364
69.1011 25.8466

69.8427 26.1344
69.1011 25.8466

70.3336 26.3636
69.8427 26.1344

19.4157 26.6810
18.7346 27.0909

20.0381 26.3636
19.4157 26.6810

70.3336 26.3636
70.5843 26.4932

71.3258 26.9469
70.5843 26.4932

71.5271 27.0909
71.3258 26.9469

17.9326 27.7099
17.8113 27.8182

18.6742 27.1316
17.9326 27.7099

18.7346 27.0909
18.6742 27.1316

71.5271 27.0909
72.0674 27.5251

72.3827 27.8182
72.0674 27.5251

17.1910 28.4474
17.1055 28.5455

17.8113 27.8182
17.1910 28.4474

72.3827 27.8182
72.8090 28.2703

73.0360 28.5455
72.8090 28.2703

17.1055 28.5455
16.5579 29.2727

73.0360 28.5455
73.5506 29.2702

73.5521 29.2727
73.5506 29.2702

16.4494 29.4436
16.1337 30.0000

16.5579 29.2727
16.4494 29.4436

73.5521 29.2727
73.9402 30.0000

16.1337 30.0000
15.7975 30.7273

73.9402 30.0000
74.2591 30.7273

15.7079 30.9742
15.5506 31.4545

15.7975 30.7273
15.7079 30.9742

74.2591 30.7273
74.2921 30.8212

74.4923 31.4545
74.2921 30.8212

15.5506 31.4545
15.3745 32.1818

74.4923 31.4545
74.6684 32.1818

15.3745 32.1818
15.2553 32.9091

74.6684 32.1818
74.7952 32.9091

15.2553 32.9091
15.1868 33.6364

74.7952 32.9091
74.8772 33.6364

15.1868 33.6364
15.1624 34.3636

74.8772 33.6364
74.9189 34.3636

15.1624 34.3636
15.1757 35.0909

74.9189 34.3636
74.9249 35.0909

15.1757 35.0909
15.2211 35.8182

74.9249 35.0909
74.8995 35.8182

15.2211 35.8182
15.2941 36.5455

74.8995 35.8182
74.8462 36.5455

15.2941 36.5455
15.3915 37.2727

74.8462 36.5455
74.7682 37.2727

15.3915 37.2727
15.5119 38.0000

74.7682 37.2727
74.6672 38.0000

15.5119 38.0000
15.6550 38.7273

74.6672 38.0000
74.5439 38.7273

15.6550 38.7273
15.7079 38.9581

15.8326 39.4545
15.7079 38.9581

74.5439 38.7273
74.3977 39.4545

15.8326 39.4545
16.0431 40.1818

74.2921 39.9051
74.2198 40.1818

74.3977 39.4545
74.2921 39.9051

16.0431 40.1818
16.2844 40.9091

74.2198 40.1818
74.0000 40.9091

16.2844 40.9091
16.4494 41.3467

16.5703 41.6364
16.4494 41.3467

74.0000 40.9091
73.7451 41.6364

16.5703 41.6364
16.9114 42.3636

73.5506 42.1191
73.4397 42.3636

73.7451 41.6364
73.5506 42.1191

16.9114 42.3636
17.1910 42.8996

17.3023 43.0909
17.1910 42.8996

73.4397 42.3636
73.0657 43.0909

17.3023 43.0909
17.7647 43.8182

72.8090 43.5363
72.6249 43.8182

73.0657 43.0909
72.8090 43.5363

17.7647 43.8182
17.9326 44.0640

18.3022 44.5455
17.9326 44.0640

72.6249 43.8182
72.1038 44.5455

18.3022 44.5455
18.6742 45.0077

18.9170 45.2727
18.6742 45.0077

72.0674 44.5927
71.4714 45.2727

72.1038 44.5455
72.0674 44.5927

18.9170 45.2727
19.4157 45.8076

19.6235 46.0000
19.4157 45.8076

71.3258 45.4326
70.7306 46.0000

71.4714 45.2727
71.3258 45.4326

19.6235 46.0000
20.1573 46.5057

20.4342 46.7273
20.1573 46.5057

70.5843 46.1404
69.8694 46.7273

70.7306 46.0000
70.5843 46.1404

20.4342 46.7273
20.8989 47.1309

21.3524 47.4545
20.8989 47.1309

69.1011 47.3009
68.8492 47.4545

69.8427 46.7509
69.1011 47.3009

69.8694 46.7273
69.8427 46.7509

21.3524 47.4545
21.6404 47.7000

22.3530 48.1818
21.6404 47.7000

68.3596 47.8139
67.7358 48.1818

68.8492 47.4545
68.3596 47.8139

22.3530 48.1818
22.3820 48.2097

23.1236 48.7547
22.3820 48.2097

23.4094 48.9091
23.1236 48.7547

66.8764 48.7919
66.6499 48.9091

67.6180 48.2850
66.8764 48.7919

67.7358 48.1818
67.6180 48.2850

23.4094 48.9091
23.8652 49.4466

24.0956 49.6364
23.8652 49.4466

66.6499 48.9091
66.1383 49.6364

23.8652 50.1433
23.7913 50.3636

24.0956 49.6364
23.8652 50.1433

66.1383 49.6364
66.6004 50.3636

23.1236 50.7959
22.7801 51.0909

23.7913 50.3636
23.1236 50.7959

66.6004 50.3636
66.8764 50.5099

67.6180 51.0377
66.8764 50.5099

67.6752 51.0909
67.6180 51.0377

21.6404 51.7996
21.6185 51.8182

22.3820 51.2992
21.6404 51.7996

22.7801 51.0909
22.3820 51.2992

67.6752 51.0909
68.3596 51.5041

68.7719 51.8182
68.3596 51.5041

20.8989 52.2978
20.5931 52.5455

21.6185 51.8182
20.8989 52.2978

68.7719 51.8182
69.1011 52.0208

69.7975 52.5455
69.1011 52.0208

20.1573 52.8601
19.6755 53.2727

20.5931 52.5455
20.1573 52.8601

69.7975 52.5455
69.8427 52.5763

70.5843 53.1804
69.8427 52.5763

70.6813 53.2727
70.5843 53.1804

19.4157 53.4858
18.8765 54.0000

19.6755 53.2727
19.4157 53.4858

70.6813 53.2727
71.3258 53.8663

71.4528 54.0000
71.3258 53.8663

18.6742 54.1932
18.1855 54.7273

18.8765 54.0000
18.6742 54.1932

71.4528 54.0000
72.0674 54.6546

72.1281 54.7273
72.0674 54.6546

17.9326 55.0120
17.5855 55.4545

18.1855 54.7273
17.9326 55.0120

72.1281 54.7273
72.7115 55.4545

17.1910 55.9825
17.0585 56.1818

17.5855 55.4545
17.1910 55.9825

72.7115 55.4545
72.8090 55.5833

73.2171 56.1818
72.8090 55.5833

17.0585 56.1818
16.6061 56.9091

73.2171 56.1818
73.5506 56.7057

73.6683 56.9091
73.5506 56.7057

16.4494 57.1810
16.2152 57.6364

16.6061 56.9091
16.4494 57.1810

73.6683 56.9091
74.0552 57.6364

16.2152 57.6364
15.8736 58.3636

74.0552 57.6364
74.2921 58.1259

74.3973 58.3636
74.2921 58.1259

15.7079 58.7558
15.5809 59.0909

15.8736 58.3636
15.7079 58.7558

74.3973 58.3636
74.6834 59.0909

15.5809 59.0909
15.3384 59.8182

74.6834 59.0909
74.9326 59.8182

15.3384 59.8182
15.1307 60.5455

74.9326 59.8182
75.0337 60.1689

75.1329 60.5455
75.0337 60.1689

14.9663 61.2465
14.9608 61.2727

15.1307 60.5455
14.9663 61.2465

75.1329 60.5455
75.2864 61.2727

14.9608 61.2727
14.8422 62.0000

75.2864 61.2727
75.4013 62.0000

14.8422 62.0000
14.7601 62.7273

75.4013 62.0000
75.4778 62.7273

14.7601 62.7273
14.7156 63.4545

75.4778 62.7273
75.5171 63.4545

14.7156 63.4545
14.7089 64.1818

75.5171 63.4545
75.5204 64.1818

14.7089 64.1818
14.7402 64.9091

75.5204 64.1818
75.4890 64.9091

14.7402 64.9091
14.8095 65.6364

75.4890 64.9091
75.4230 65.6364

14.8095 65.6364
14.9170 66.3636

75.4230 65.6364
75.3217 66.3636

14.9170 66.3636
14.9663 66.6077

15.0725 67.0909
14.9663 66.6077

75.3217 66.3636
75.1829 67.0909

15.0725 67.0909
15.2758 67.8182

75.0337 67.6945
75.0006 67.8182

75.1829 67.0909
75.0337 67.6945

15.2758 67.8182
15.5245 68.5455

75.0006 67.8182
74.7567 68.5455

15.5245 68.5455
15.7079 68.9941

15.8332 69.2727
15.7079 68.9941

74.7567 68.5455
74.4590 69.2727

15.8332 69.2727
16.2176 70.0000

74.2921 69.6132
74.0839 70.0000

74.4590 69.2727
74.2921 69.6132

16.2176 70.0000
16.4494 70.3779

16.6888 70.7273
16.4494 70.3779

74.0839 70.0000
73.6228 70.7273

16.6888 70.7273
17.1910 71.3647

17.2712 71.4545
17.1910 71.3647

73.5506 70.8259
73.0363 71.4545

73.6228 70.7273
73.5506 70.8259

17.2712 71.4545
17.9326 72.1065

18.0204 72.1818
17.9326 72.1065

72.8090 71.6985
72.2981 72.1818

73.0363 71.4545
72.8090 71.6985

18.0204 72.1818
18.6742 72.6813

19.0221 72.9091
18.6742 72.6813

72.0674 72.3765
71.3400 72.9091

72.2981 72.1818
72.0674 72.3765

19.0221 72.9091
19.4157 73.1420

20.1573 73.5138
19.4157 73.1420

20.4485 73.6364
20.1573 73.5138

70.5843 73.3406
69.9656 73.6364

71.3258 72.9185
70.5843 73.3406

71.3400 72.9091
71.3258 72.9185

20.4485 73.6364
20.8989 73.8106

21.6404 74.0495
20.8989 73.8106

22.3820 74.2474
21.6404 74.0495

22.9072 74.3636
22.3820 74.2474

67.6180 74.3589
67.5923 74.3636

68.3596 74.1828
67.6180 74.3589

69.1011 73.9621
68.3596 74.1828

69.8427 73.6905
69.1011 73.9621

69.9656 73.6364
69.8427 73.6905

22.9072 74.3636
23.1236 74.4086

23.8652 74.5371
23.1236 74.4086

24.6067 74.6465
23.8652 74.5371

25.3483 74.7418
24.6067 74.6465

26.0899 74.8269
25.3483 74.7418

26.8315 74.9046
26.0899 74.8269

27.5730 74.9768
26.8315 74.9046

28.3146 75.0443
27.5730 74.9768

28.8607 75.0909
28.3146 75.0443

56.4944 75.0520
56.0439 75.0909

57.2360 74.9943
56.4944 75.0520

57.9775 74.9446
57.2360 74.9943

58.7191 74.9031
57.9775 74.9446

59.4607 74.8697
58.7191 74.9031

60.2022 74.8436
59.4607 74.8697

60.9438 74.8231
60.2022 74.8436

61.6854 74.8063
60.9438 74.8231

62.4270 74.7902
61.6854 74.8063

63.1685 74.7715
62.4270 74.7902

63.9101 74.7463
63.1685 74.7715

64.6517 74.7102
63.9101 74.7463

65.3933 74.6585
64.6517 74.7102

66.1348 74.5862
65.3933 74.6585

66.8764 74.4882
66.1348 74.5862

67.5923 74.3636
66.8764 74.4882

28.8607 75.0909
29.0562 75.1068

29.7978 75.1632
29.0562 75.1068

30.5393 75.2168
29.7978 75.1632

31.2809 75.2689
30.5393 75.2168

32.0225 75.3205
31.2809 75.2689

32.7640 75.3729
32.0225 75.3205

33.5056 75.4270
32.7640 75.3729

34.2472 75.4828
33.5056 75.4270

34.9888 75.5399
34.2472 75.4828

35.7303 75.5967
34.9888 75.5399

36.4719 75.6517
35.7303 75.5967

37.2135 75.7026
36.4719 75.6517

37.9551 75.7474
37.2135 75.7026

38.6966 75.7840
37.9551 75.7474

39.4382 75.8110
38.6966 75.7840

39.7675 75.8182
39.4382 75.8110

42.4045 75.8110
42.0626 75.8182

43.1461 75.7881
42.4045 75.8110

43.8876 75.7604
43.1461 75.7881

44.6292 75.7307
43.8876 75.7604

45.3708 75.7019
44.6292 75.7307

46.1124 75.6757
45.3708 75.7019

46.8539 75.6530
46.1124 75.6757

47.5955 75.6331
46.8539 75.6530

48.3371 75.6140
47.5955 75.6331

49.0787 75.5930
48.3371 75.6140

49.8202 75.5671
49.0787 75.5930

50.5618 75.5338
49.8202 75.5671

51.3034 75.4917
50.5618 75.5338

52.0449 75.4407
51.3034 75.4917

52.7865 75.3819
52.0449 75.4407

53.5281 75.3172
52.7865 75.3819

54.2697 75.2494
53.5281 75.3172

55.0112 75.1811
54.2697 75.2494

55.7528 75.1151
55.0112 75.1811

56.0439 75.0909
55.7528 75.1151

39.7675 75.8182
40.1798 75.8266

40.9213 75.8313
40.1798 75.8266

41.6629 75.8259
40.9213 75.8313

42.0626 75.8182
41.6629 75.8259

40.1798 25.6119
40.0543 25.6364

40.9213 25.4689
40.1798 25.6119

41.6629 25.3329
40.9213 25.4689

42.4045 25.2100
41.6629 25.3329

43.1461 25.1064
42.4045 25.2100

43.8876 25.0278
43.1461 25.1064

44.6292 24.9791
43.8876 25.0278

45.3708 24.9643
44.6292 24.9791

46.1124 24.9859
45.3708 24.9643

46.8539 25.0444
46.1124 24.9859

47.5955 25.1383
46.8539 25.0444

48.3371 25.2637
47.5955 25.1383

49.0787 25.4146
48.3371 25.2637

49.8202 25.5836
49.0787 25.4146

50.0377 25.6364
49.8202 25.5836

36.4719 26.2933
35.9165 26.3636

37.2135 26.1836
36.4719 26.2933

37.9551 26.0581
37.2135 26.1836

38.6966 25.9183
37.9551 26.0581

39.4382 25.7672
38.6966 25.9183

40.0543 25.6364
39.4382 25.7672

50.0377 25.6364
50.5618 25.7753

51.3034 25.9704
50.5618 25.7753

52.0449 26.1531
51.3034 25.9704

52.7865 26.3158
52.0449 26.1531

53.0419 26.3636
52.7865 26.3158

24.6067 27.0378
24.1673 27.0909

25.3483 26.9728
24.6067 27.0378

26.0899 26.9255
25.3483 26.9728

26.8315 26.8904
26.0899 26.9255

27.5730 26.8626
26.8315 26.8904

28.3146 26.8384
27.5730 26.8626

29.0562 26.8152
28.3146 26.8384

29.7978 26.7908
29.0562 26.8152

30.5393 26.7639
29.7978 26.7908

31.2809 26.7331
30.5393 26.7639

32.0225 26.6974
31.2809 26.7331

32.7640 26.6554
32.0225 26.6974

33.5056 26.6056
32.7640 26.6554

34.2472 26.5461
33.5056 26.6056

34.9888 26.4748
34.2472 26.5461

35.7303 26.3892
34.9888 26.4748

35.9165 26.3636
35.7303 26.3892

53.0419 26.3636
53.5281 26.4628

54.2697 26.5843
53.5281 26.4628

55.0112 26.6763
54.2697 26.5843

55.7528 26.7417
55.0112 26.6763

56.4944 26.7842
55.7528 26.7417

57.2360 26.8080
56.4944 26.7842

57.9775 26.8168
57.2360 26.8080

58.7191 26.8142
57.9775 26.8168

59.4607 26.8033
58.7191 26.8142

60.2022 26.7874
59.4607 26.8033

60.9438 26.7696
60.2022 26.7874

61.6854 26.7531
60.9438 26.7696

62.4270 26.7416
61.6854 26.7531

63.1685 26.7391
62.4270 26.7416

63.9101 26.7502
63.1685 26.7391

64.6517 26.7799
63.9101 26.7502

65.3933 26.8337
64.6517 26.7799

66.1348 26.9174
65.3933 26.8337

66.8764 27.0370
66.1348 26.9174

67.1239 27.0909
66.8764 27.0370

21.6404 27.6729
21.2668 27.8182

22.3820 27.4435
21.6404 27.6729

23.1236 27.2656
22.3820 27.4435

23.8652 27.1312
23.1236 27.2656

24.1673 27.0909
23.8652 27.1312

67.1239 27.0909
67.6180 27.2117

68.3596 27.4466
67.6180 27.2117

69.1011 27.7414
68.3596 27.4466

69.2586 27.8182
69.1011 27.7414

20.1573 28.3808
19.9039 28.5455

20.8989 27.9800
20.1573 28.3808

21.2668 27.8182
20.8989 27.9800

69.2586 27.8182
69.8427 28.1419

70.4487 28.5455
69.8427 28.1419

19.4157 28.9110
19.0063 29.2727

19.9039 28.5455
19.4157 28.9110

70.4487 28.5455
70.5843 28.6498

71.2688 29.2727
70.5843 28.6498

18.6742 29.6186
18.3587 30.0000

19.0063 29.2727
18.6742 29.6186

71.2688 29.2727
71.3258 29.3338

71.8582 30.0000
71.3258 29.3338

17.9326 30.6259
17.8723 30.7273

18.3587 30.0000
17.9326 30.6259

71.8582 30.0000
72.0674 30.3163

72.3029 30.7273
72.0674 30.3163

17.8723 30.7273
17.5299 31.4545

72.3029 30.7273
72.6361 31.4545

17.5299 31.4545
17.2738 32.1818

72.6361 31.4545
72.8090 31.9493

72.8803 32.1818
72.8090 31.9493

17.1910 32.5226
17.1082 32.9091

17.2738 32.1818
17.1910 32.5226

72.8803 32.1818
73.0383 32.9091

17.1082 32.9091
17.0157 33.6364

73.0383 32.9091
73.1365 33.6364

17.0157 33.6364
16.9793 34.3636

73.1365 33.6364
73.1805 34.3636

16.9793 34.3636
16.9914 35.0909

73.1805 34.3636
73.1760 35.0909

16.9914 35.0909
17.0448 35.8182

73.1760 35.0909
73.1285 35.8182

17.0448 35.8182
17.1341 36.5455

73.1285 35.8182
73.0434 36.5455

17.1341 36.5455
17.1910 36.8877

17.2629 37.2727
17.1910 36.8877

73.0434 36.5455
72.9249 37.2727

17.2629 37.2727
17.4313 38.0000

72.8090 37.8409
72.7719 38.0000

72.9249 37.2727
72.8090 37.8409

17.4313 38.0000
17.6315 38.7273

72.7719 38.0000
72.5718 38.7273

17.6315 38.7273
17.8645 39.4545

72.5718 38.7273
72.3394 39.4545

17.8645 39.4545
17.9326 39.6400

18.1585 40.1818
17.9326 39.6400

72.3394 39.4545
72.0725 40.1818

18.1585 40.1818
18.5030 40.9091

72.0674 40.1942
71.7254 40.9091

72.0725 40.1818
72.0674 40.1942

18.5030 40.9091
18.6742 41.2301

18.9231 41.6364
18.6742 41.2301

71.7254 40.9091
71.3301 41.6364

18.9231 41.6364
19.4157 42.3588

19.4196 42.3636
19.4157 42.3588

71.3258 41.6434
70.8144 42.3636

71.3301 41.6364
71.3258 41.6434

19.4196 42.3636
20.0550 43.0909

70.5843 42.6544
70.1768 43.0909

70.8144 42.3636
70.5843 42.6544

20.0550 43.0909
20.1573 43.1988

20.8515 43.8182
20.1573 43.1988

69.8427 43.4164
69.3496 43.8182

70.1768 43.0909
69.8427 43.4164

20.8515 43.8182
20.8989 43.8578

21.6404 44.3716
20.8989 43.8578

21.9487 44.5455
21.6404 44.3716

68.3596 44.4635
68.1950 44.5455

69.1011 44.0050
68.3596 44.4635

69.3496 43.8182
69.1011 44.0050

21.9487 44.5455
22.3820 44.7779

23.1236 45.0939
22.3820 44.7779

23.6639 45.2727
23.1236 45.0939

66.8764 45.0875
66.2151 45.2727

67.6180 44.8153
66.8764 45.0875

68.1950 44.5455
67.6180 44.8153

23.6639 45.2727
23.8652 45.3374

24.6067 45.5182
23.8652 45.3374

25.3483 45.6525
24.6067 45.5182

26.0899 45.7512
25.3483 45.6525

26.8315 45.8236
26.0899 45.7512

27.5730 45.8779
26.8315 45.8236

28.3146 45.9201
27.5730 45.8779

29.0562 45.9551
28.3146 45.9201

29.7978 45.9861
29.0562 45.9551

30.1512 46.0000
29.7978 45.9861

55.0112 45.9790
54.2774 46.0000

55.7528 45.9577
55.0112 45.9790

56.4944 45.9361
55.7528 45.9577

57.2360 45.9143
56.4944 45.9361

57.9775 45.8922
57.2360 45.9143

58.7191 45.8697
57.9775 45.8922

59.4607 45.8465
58.7191 45.8697

60.2022 45.8223
59.4607 45.8465

60.9438 45.7965
60.2022 45.8223

61.6854 45.7677
60.9438 45.7965

62.4270 45.7336
61.6854 45.7677

63.1685 45.6905
62.4270 45.7336

63.9101 45.6330
63.1685 45.6905

64.6517 45.5539
63.9101 45.6330

65.3933 45.4444
64.6517 45.5539

66.1348 45.2944
65.3933 45.4444

66.2151 45.2727
66.1348 45.2944

30.1512 46.0000
30.5393 46.0154

31.2809 46.0442
30.5393 46.0154

32.0225 46.0728
31.2809 46.0442

32.7640 46.1010
32.0225 46.0728

33.5056 46.1279
32.7640 46.1010

34.2472 46.1525
33.5056 46.1279

34.9888 46.1735
34.2472 46.1525

35.7303 46.1900
34.9888 46.1735

36.4719 46.2016
35.7303 46.1900

37.2135 46.2084
36.4719 46.2016

37.9551 46.2109
37.2135 46.2084

38.6966 46.2102
37.9551 46.2109

39.4382 46.2074
38.6966 46.2102

40.1798 46.2035
39.4382 46.2074

40.9213 46.1994
40.1798 46.2035

41.6629 46.1955
40.9213 46.1994

42.4045 46.1920
41.6629 46.1955

43.1461 46.1887
42.4045 46.1920

43.8876 46.1854
43.1461 46.1887

44.6292 46.1817
43.8876 46.1854

45.3708 46.1770
44.6292 46.1817

46.1124 46.1710
45.3708 46.1770

46.8539 46.1634
46.1124 46.1710

47.5955 46.1541
46.8539 46.1634

48.3371 46.1429
47.5955 46.1541

49.0787 46.1298
48.3371 46.1429

49.8202 46.1150
49.0787 46.1298

50.5618 46.0985
49.8202 46.1150

51.3034 46.0807
50.5618 46.0985

52.0449 46.0617
51.3034 46.0807

52.7865 46.0418
52.0449 46.0617

53.5281 46.0212
52.7865 46.0418

54.2697 46.0002
53.5281 46.0212

54.2774 46.0000
54.2697 46.0002

25.3483 53.9761
25.1656 54.0000

26.0899 53.9112
25.3483 53.9761

26.8315 53.8696
26.0899 53.9112

27.5730 53.8436
26.8315 53.8696

28.3146 53.8272
27.5730 53.8436

29.0562 53.8161
28.3146 53.8272

29.7978 53.8073
29.0562 53.8161

30.5393 53.7992
29.7978 53.8073

31.2809 53.7910
30.5393 53.7992

32.0225 53.7826
31.2809 53.7910

32.7640 53.7742
32.0225 53.7826

33.5056 53.7665
32.7640 53.7742

34.2472 53.7599
33.5056 53.7665

34.9888 53.7552
34.2472 53.7599

35.7303 53.7526
34.9888 53.7552

36.4719 53.7523
35.7303 53.7526

37.2135 53.7541
36.4719 53.7523

37.9551 53.7575
37.2135 53.7541

38.6966 53.7620
37.9551 53.7575

39.4382 53.7669
38.6966 53.7620

40.1798 53.7714
39.4382 53.7669

40.9213 53.7751
40.1798 53.7714

41.6629 53.7776
40.9213 53.7751

42.4045 53.7788
41.6629 53.7776

43.1461 53.7787
42.4045 53.7788

43.8876 53.7773
43.1461 53.7787

44.6292 53.7748
43.8876 53.7773

45.3708 53.7714
44.6292 53.7748

46.1124 53.7671
45.3708 53.7714

46.8539 53.7621
46.1124 53.7671

47.5955 53.7564
46.8539 53.7621

48.3371 53.7500
47.5955 53.7564

49.0787 53.7429
48.3371 53.7500

49.8202 53.7351
49.0787 53.7429

50.5618 53.7267
49.8202 53.7351

51.3034 53.7178
50.5618 53.7267

52.0449 53.7084
51.3034 53.7178

52.7865 53.6986
52.0449 53.7084

53.5281 53.6886
52.7865 53.6986

54.2697 53.6783
53.5281 53.6886

55.0112 53.6680
54.2697 53.6783

55.7528 53.6576
55.0112 53.6680

56.4944 53.6473
55.7528 53.6576

57.2360 53.6373
56.4944 53.6473

57.9775 53.6277
57.2360 53.6373

58.7191 53.6187
57.9775 53.6277

59.4607 53.6107
58.7191 53.6187

60.2022 53.6041
59.4607 53.6107

60.9438 53.5997
60.2022 53.6041

61.6854 53.5990
60.9438 53.5997

62.4270 53.6044
61.6854 53.5990

63.1685 53.6197
62.4270 53.6044

63.9101 53.6503
63.1685 53.6197

64.6517 53.7032
63.9101 53.6503

65.3933 53.7874
64.6517 53.7032

66.1348 53.9127
65.3933 53.7874

66.4996 54.0000
66.1348 53.9127

22.3820 54.6750
22.2666 54.7273

23.1236 54.4136
22.3820 54.6750

23.8652 54.2169
23.1236 54.4136

24.6067 54.0745
23.8652 54.2169

25.1656 54.0000
24.6067 54.0745

66.4996 54.0000
66.8764 54.0925

67.6180 54.3389
66.8764 54.0925

68.3596 54.6589
67.6180 54.3389

68.4852 54.7273
68.3596 54.6589

21.6404 55.0229
20.9024 55.4545

22.2666 54.7273
21.6404 55.0229

68.4852 54.7273
69.1011 55.0798

69.6386 55.4545
69.1011 55.0798

20.1573 56.0129
19.9669 56.1818

20.8989 55.4567
20.1573 56.0129

20.9024 55.4545
20.8989 55.4567

69.6386 55.4545
69.8427 55.6066

70.4920 56.1818
69.8427 55.6066

19.4157 56.7039
19.2298 56.9091

19.9669 56.1818
19.4157 56.7039

70.4920 56.1818
70.5843 56.2699

71.1583 56.9091
70.5843 56.2699

18.6742 57.5692
18.6251 57.6364

19.2298 56.9091
18.6742 57.5692

71.1583 56.9091
71.3258 57.1115

71.7046 57.6364
71.3258 57.1115

18.6251 57.6364
18.1385 58.3636

71.7046 57.6364
72.0674 58.1858

72.1711 58.3636
72.0674 58.1858

17.9326 58.7025
17.7267 59.0909

18.1385 58.3636
17.9326 58.7025

72.1711 58.3636
72.5518 59.0909

17.7267 59.0909
17.3833 59.8182

72.5518 59.0909
72.8090 59.6466

72.8796 59.8182
72.8090 59.6466

17.1910 60.2865
17.0979 60.5455

17.3833 59.8182
17.1910 60.2865

72.8796 59.8182
73.1349 60.5455

17.0979 60.5455
16.8789 61.2727

73.1349 60.5455
73.3449 61.2727

16.8789 61.2727
16.7051 62.0000

73.3449 61.2727
73.5073 62.0000

16.7051 62.0000
16.5791 62.7273

73.5073 62.0000
73.5506 62.2750

73.6138 62.7273
73.5506 62.2750

16.5791 62.7273
16.5027 63.4545

73.6138 62.7273
73.6730 63.4545

16.5027 63.4545
16.4771 64.1818

73.6730 63.4545
73.6905 64.1818

16.4771 64.1818
16.5030 64.9091

73.6905 64.1818
73.6669 64.9091

16.5030 64.9091
16.5807 65.6364

73.6669 64.9091
73.6019 65.6364

16.5807 65.6364
16.7111 66.3636

73.5506 65.9803
73.4874 66.3636

73.6019 65.6364
73.5506 65.9803

16.7111 66.3636
16.8952 67.0909

73.4874 66.3636
73.3158 67.0909

16.8952 67.0909
17.1352 67.8182

73.3158 67.0909
73.0880 67.8182

17.1352 67.8182
17.1910 67.9535

17.4656 68.5455
17.1910 67.9535

72.8090 68.5169
72.7962 68.5455

73.0880 67.8182
72.8090 68.5169

17.4656 68.5455
17.8740 69.2727

72.7962 68.5455
72.3914 69.2727

17.8740 69.2727
17.9326 69.3606

18.4197 70.0000
17.9326 69.3606

72.0674 69.7532
71.8776 70.0000

72.3914 69.2727
72.0674 69.7532

18.4197 70.0000
18.6742 70.2858

19.1306 70.7273
18.6742 70.2858

71.3258 70.6036
71.1946 70.7273

71.8776 70.0000
71.3258 70.6036

19.1306 70.7273
19.4157 70.9666

20.1022 71.4545
19.4157 70.9666

70.5843 71.2208
70.2418 71.4545

71.1946 70.7273
70.5843 71.2208

20.1022 71.4545
20.1573 71.4890

20.8989 71.8764
20.1573 71.4890

21.6108 72.1818
20.8989 71.8764

69.1011 72.0599
68.7964 72.1818

69.8427 71.6932
69.1011 72.0599

70.2418 71.4545
69.8427 71.6932

21.6108 72.1818
21.6404 72.1932

22.3820 72.4244
21.6404 72.1932

23.1236 72.6106
22.3820 72.4244

23.8652 72.7603
23.1236 72.6106

24.6067 72.8815
23.8652 72.7603

24.8125 72.9091
24.6067 72.8815

65.3933 72.9057
65.3473 72.9091

66.1348 72.8238
65.3933 72.9057

66.8764 72.7066
66.1348 72.8238

67.6180 72.5471
66.8764 72.7066

68.3596 72.3380
67.6180 72.5471

68.7964 72.1818
68.3596 72.3380

24.8125 72.9091
25.3483 72.9751

26.0899 73.0528
25.3483 72.9751

26.8315 73.1217
26.0899 73.0528

27.5730 73.1850
26.8315 73.1217

28.3146 73.2450
27.5730 73.1850

29.0562 73.3033
28.3146 73.2450

29.7978 73.3612
29.0562 73.3033

30.5393 73.4197
29.7978 73.3612

31.2809 73.4801
30.5393 73.4197

32.0225 73.5434
31.2809 73.4801

32.7640 73.6107
32.0225 73.5434

33.0314 73.6364
32.7640 73.6107

49.8202 73.6255
49.4330 73.6364

50.5618 73.6028
49.8202 73.6255

51.3034 73.5758
50.5618 73.6028

52.0449 73.5430
51.3034 73.5758

52.7865 73.5038
52.0449 73.5430

53.5281 73.4586
52.7865 73.5038

54.2697 73.4084
53.5281 73.4586

55.0112 73.3550
54.2697 73.4084

55.7528 73.3006
55.0112 73.3550

56.4944 73.2471
55.7528 73.3006

57.2360 73.1966
56.4944 73.2471

57.9775 73.1511
57.2360 73.1966

58.7191 73.1119
57.9775 73.1511

59.4607 73.0801
58.7191 73.1119

60.2022 73.0558
59.4607 73.0801

60.9438 73.0384
60.2022 73.0558

61.6854 73.0261
60.9438 73.0384

62.4270 73.0162
61.6854 73.0261

63.1685 73.0046
62.4270 73.0162

63.9101 72.9863
63.1685 73.0046

64.6517 72.9555
63.9101 72.9863

65.3473 72.9091
64.6517 72.9555

33.0314 73.6364
33.5056 73.6781

34.2472 73.7463
33.5056 73.6781

34.9888 73.8160
34.2472 73.7463

35.7303 73.8846
34.9888 73.8160

36.4719 73.9494
35.7303 73.8846

37.2135 74.0069
36.4719 73.9494

37.9551 74.0539
37.2135 74.0069

38.6966 74.0875
37.9551 74.0539

39.4382 74.1054
38.6966 74.0875

40.1798 74.1066
39.4382 74.1054

40.9213 74.0913
40.1798 74.1066

41.6629 74.0609
40.9213 74.0913

42.4045 74.0183
41.6629 74.0609

43.1461 73.9672
42.4045 74.0183

43.8876 73.9118
43.1461 73.9672

44.6292 73.8564
43.8876 73.9118

45.3708 73.8047
44.6292 73.8564

46.1124 73.7591
45.3708 73.8047

46.8539 73.7211
46.1124 73.7591

47.5955 73.6906
46.8539 73.7211

48.3371 73.6662
47.5955 73.6906

49.0787 73.6457
48.3371 73.6662

49.4330 73.6364
49.0787 73.6457

43.8876 27.0815
43.7988 27.0909

44.6292 27.0338
43.8876 27.0815

45.3708 27.0194
44.6292 27.0338

46.1124 27.0406
45.3708 27.0194

46.7622 27.0909
46.1124 27.0406

40.1798 27.7380
39.8115 27.8182

40.9213 27.5786
40.1798 27.7380

41.6629 27.4260
40.9213 27.5786

42.4045 27.2873
41.6629 27.4260

43.1461 27.1697
42.4045 27.2873

43.7988 27.0909
43.1461 27.1697

46.7622 27.0909
46.8539 27.0991

47.5955 27.2059
46.8539 27.0991

48.3371 27.3473
47.5955 27.2059

49.0787 27.5152
48.3371 27.3473

49.8202 27.6997
49.0787 27.5152

50.2758 27.8182
49.8202 27.6997

36.4719 28.5159
36.2707 28.5455

37.2135 28.3900
36.4719 28.5159

37.9551 28.2458
37.2135 28.3900

38.6966 28.0845
37.9551 28.2458

39.4382 27.9094
38.6966 28.0845

39.8115 27.8182
39.4382 27.9094

50.2758 27.8182
50.5618 27.9015

51.3034 28.1154
50.5618 27.9015

52.0449 28.3120
51.3034 28.1154

52.7865 28.4845
52.0449 28.3120

53.0932 28.5455
52.7865 28.4845

26.0899 29.2713
26.0720 29.2727

26.8315 29.2284
26.0899 29.2713

27.5730 29.1963
26.8315 29.2284

28.3146 29.1695
27.5730 29.1963

29.0562 29.1438
28.3146 29.1695

29.7978 29.1164
29.0562 29.1438

30.5393 29.0854
29.7978 29.1164

31.2809 29.0493
30.5393 29.0854

32.0225 29.0066
31.2809 29.0493

32.7640 28.9561
32.0225 29.0066

33.5056 28.8960
32.7640 28.9561

34.2472 28.8241
33.5056 28.8960

34.9888 28.7379
34.2472 28.8241

35.7303 28.6347
34.9888 28.7379

36.2707 28.5455
35.7303 28.6347

53.0932 28.5455
53.5281 28.6428

54.2697 28.7777
53.5281 28.6428

55.0112 28.8824
54.2697 28.7777

55.7528 28.9605
55.0112 28.8824

56.4944 29.0161
55.7528 28.9605

57.2360 29.0530
56.4944 29.0161

57.9775 29.0744
57.2360 29.0530

58.7191 29.0830
57.9775 29.0744

59.4607 29.0816
58.7191 29.0830

60.2022 29.0727
59.4607 29.0816

60.9438 29.0594
60.2022 29.0727

61.6854 29.0454
60.9438 29.0594

62.4270 29.0356
61.6854 29.0454

63.1685 29.0355
62.4270 29.0356

63.9101 29.0523
63.1685 29.0355

64.6517 29.0939
63.9101 29.0523

65.3933 29.1691
64.6517 29.0939

66.0439 29.2727
65.3933 29.1691

23.1236 29.7926
22.5572 30.0000

23.8652 29.5902
23.1236 29.7926

24.6067 29.4441
23.8652 29.5902

25.3483 29.3417
24.6067 29.4441

26.0720 29.2727
25.3483 29.3417

66.0439 29.2727
66.1348 29.2898

66.8764 29.4916
66.1348 29.2898

67.6180 29.7661
66.8764 29.4916

68.1028 30.0000
67.6180 29.7661

21.6404 30.5019
21.3288 30.7273

22.3820 30.0772
21.6404 30.5019

22.5572 30.0000
22.3820 30.0772

68.1028 30.0000
68.3596 30.1496

69.1011 30.6947
68.3596 30.1496

69.1371 30.7273
69.1011 30.6947

20.8989 31.1159
20.5943 31.4545

21.3288 30.7273
20.8989 31.1159

69.1371 30.7273
69.7818 31.4545

20.1573 32.0934
20.1070 32.1818

20.5943 31.4545
20.1573 32.0934

69.7818 31.4545
69.8427 31.5441

70.2005 32.1818
69.8427 31.5441

20.1070 32.1818
19.8141 32.9091

70.2005 32.1818
70.4904 32.9091

19.8141 32.9091
19.6325 33.6364

70.4904 32.9091
70.5843 33.2909

70.6554 33.6364
70.5843 33.2909

19.6325 33.6364
19.5498 34.3636

70.6554 33.6364
70.7194 34.3636

19.5498 34.3636
19.5535 35.0909

70.7194 34.3636
70.7056 35.0909

19.5535 35.0909
19.6319 35.8182

70.7056 35.0909
70.6223 35.8182

19.6319 35.8182
19.7754 36.5455

70.5843 36.0097
70.4576 36.5455

70.6223 35.8182
70.5843 36.0097

19.7754 36.5455
19.9768 37.2727

70.4576 36.5455
70.2214 37.2727

19.9768 37.2727
20.1573 37.7870

20.2459 38.0000
20.1573 37.7870

70.2214 37.2727
69.9273 38.0000

20.2459 38.0000
20.6101 38.7273

69.8427 38.1773
69.5267 38.7273

69.9273 38.0000
69.8427 38.1773

20.6101 38.7273
20.8989 39.2202

21.0648 39.4545
20.8989 39.2202

69.1011 39.3734
69.0359 39.4545

69.5267 38.7273
69.1011 39.3734

21.0648 39.4545
21.6404 40.1626

21.6597 40.1818
21.6404 40.1626

69.0359 39.4545
68.3789 40.1818

21.6597 40.1818
22.3820 40.8193

22.5099 40.9091
22.3820 40.8193

67.6180 40.7984
67.4456 40.9091

68.3596 40.2011
67.6180 40.7984

68.3789 40.1818
68.3596 40.2011

22.5099 40.9091
23.1236 41.2954

23.8158 41.6364
23.1236 41.2954

66.1348 41.5774
65.9670 41.6364

66.8764 41.2399
66.1348 41.5774

67.4456 40.9091
66.8764 41.2399

23.8158 41.6364
23.8652 41.6584

24.6067 41.9133
23.8652 41.6584

25.3483 42.1073
24.6067 41.9133

26.0899 42.2540
25.3483 42.1073

26.8240 42.3636
26.0899 42.2540

62.4270 42.3067
61.7114 42.3636

63.1685 42.2311
62.4270 42.3067

63.9101 42.1312
63.1685 42.2311

64.6517 41.9976
63.9101 42.1312

65.3933 41.8189
64.6517 41.9976

65.9670 41.6364
65.3933 41.8189

26.8240 42.3636
26.8315 42.3647

27.5730 42.4416
26.8315 42.3647

28.3146 42.5016
27.5730 42.4416

29.0562 42.5501
28.3146 42.5016

29.7978 42.5909
29.0562 42.5501

30.5393 42.6269
29.7978 42.5909

31.2809 42.6601
30.5393 42.6269

32.0225 42.6914
31.2809 42.6601

32.7640 42.7215
32.0225 42.6914

33.5056 42.7507
32.7640 42.7215

34.2472 42.7788
33.5056 42.7507

34.9888 42.8055
34.2472 42.7788

35.7303 42.8305
34.9888 42.8055

36.4719 42.8536
35.7303 42.8305

37.2135 42.8745
36.4719 42.8536

37.9551 42.8932
37.2135 42.8745

38.6966 42.9098
37.9551 42.8932

39.4382 42.9245
38.6966 42.9098

40.1798 42.9374
39.4382 42.9245

40.9213 42.9487
40.1798 42.9374

41.6629 42.9584
40.9213 42.9487

42.4045 42.9663
41.6629 42.9584

43.1461 42.9721
42.4045 42.9663

43.8876 42.9755
43.1461 42.9721

44.6292 42.9761
43.8876 42.9755

45.3708 42.9736
44.6292 42.9761

46.1124 42.9675
45.3708 42.9736

46.8539 42.9578
46.1124 42.9675

47.5955 42.9445
46.8539 42.9578

48.3371 42.9274
47.5955 42.9445

49.0787 42.9070
48.3371 42.9274

49.8202 42.8836
49.0787 42.9070

50.5618 42.8575
49.8202 42.8836

51.3034 42.8292
50.5618 42.8575

52.0449 42.7994
51.3034 42.8292

52.7865 42.7684
52.0449 42.7994

53.5281 42.7366
52.7865 42.7684

54.2697 42.7046
53.5281 42.7366

55.0112 42.6725
54.2697 42.7046

55.7528 42.6405
55.0112 42.6725

56.4944 42.6088
55.7528 42.6405

57.2360 42.5772
56.4944 42.6088

57.9775 42.5457
57.2360 42.5772

58.7191 42.5139
57.9775 42.5457

59.4607 42.4814
58.7191 42.5139

60.2022 42.4470
59.4607 42.4814

60.9438 42.4093
60.2022 42.4470

61.6854 42.3655
60.9438 42.4093

61.7114 42.3636
61.6854 42.3655

59.4607 56.9077
59.1567 56.9091

60.2022 56.9070
59.4607 56.9077

60.6757 56.9091
60.2022 56.9070

24.6067 57.6199
24.5443 57.6364

25.3483 57.4776
24.6067 57.6199

26.0899 57.3769
25.3483 57.4776

26.8315 57.3074
26.0899 57.3769

27.5730 57.2601
26.8315 57.3074

28.3146 57.2279
27.5730 57.2601

29.0562 57.2052
28.3146 57.2279

29.7978 57.1884
29.0562 57.2052

30.5393 57.1749
29.7978 57.1884

31.2809 57.1634
30.5393 57.1749

32.0225 57.1531
31.2809 57.1634

32.7640 57.1438
32.0225 57.1531

33.5056 57.1356
32.7640 57.1438

34.2472 57.1284
33.5056 57.1356

34.9888 57.1224
34.2472 57.1284

35.7303 57.1175
34.9888 57.1224

36.4719 57.1137
35.7303 57.1175

37.2135 57.1109
36.4719 57.1137

37.9551 57.1088
37.2135 57.1109

38.6966 57.1073
37.9551 57.1088

39.4382 57.1061
38.6966 57.1073

40.1798 57.1051
39.4382 57.1061

40.9213 57.1041
40.1798 57.1051

41.6629 57.1029
40.9213 57.1041

42.4045 57.1015
41.6629 57.1029

43.1461 57.0997
42.4045 57.1015

43.8876 57.0975
43.1461 57.0997

44.6292 57.0945
43.8876 57.0975

45.3708 57.0907
44.6292 57.0945

46.1124 57.0858
45.3708 57.0907

46.8539 57.0797
46.1124 57.0858

47.5955 57.0721
46.8539 57.0797

48.3371 57.0631
47.5955 57.0721

49.0787 57.0526
48.3371 57.0631

49.8202 57.0409
49.0787 57.0526

50.5618 57.0283
49.8202 57.0409

51.3034 57.0151
50.5618 57.0283

52.0449 57.0018
51.3034 57.0151

52.7865 56.9888
52.0449 57.0018

53.5281 56.9762
52.7865 56.9888

54.2697 56.9643
53.5281 56.9762

55.0112 56.9532
54.2697 56.9643

55.7528 56.9428
55.0112 56.9532

56.4944 56.9332
55.7528 56.9428

57.2360 56.9246
56.4944 56.9332

57.9775 56.9172
57.2360 56.9246

58.7191 56.9113
57.9775 56.9172

59.1567 56.9091
58.7191 56.9113

60.6757 56.9091
60.9438 56.9104

61.6854 56.9204
60.9438 56.9104

62.4270 56.9400
61.6854 56.9204

63.1685 56.9741
62.4270 56.9400

63.9101 57.0294
63.1685 56.9741

64.6517 57.1149
63.9101 57.0294

65.3933 57.2415
64.6517 57.1149

66.1348 57.4219
65.3933 57.2415

66.7775 57.6364
66.1348 57.4219

23.1236 58.1185
22.6306 58.3636

23.8652 57.8331
23.1236 58.1185

24.5443 57.6364
23.8652 57.8331

66.7775 57.6364
66.8764 57.6730

67.6180 58.0364
66.8764 57.6730

68.1390 58.3636
67.6180 58.0364

21.6404 59.0109
21.5463 59.0909

22.3820 58.4998
21.6404 59.0109

22.6306 58.3636
22.3820 58.4998

68.1390 58.3636
68.3596 58.5179

69.0165 59.0909
68.3596 58.5179

20.8989 59.7010
20.7963 59.8182

21.5463 59.0909
20.8989 59.7010

69.0165 59.0909
69.1011 59.1740

69.6392 59.8182
69.1011 59.1740

20.7963 59.8182
20.2315 60.5455

69.6392 59.8182
69.8427 60.0974

70.1151 60.5455
69.8427 60.0974

20.1573 60.6557
19.8119 61.2727

20.2315 60.5455
20.1573 60.6557

70.1151 60.5455
70.4889 61.2727

19.8119 61.2727
19.4746 62.0000

70.4889 61.2727
70.5843 61.5021

70.7590 62.0000
70.5843 61.5021

19.4157 62.1627
19.2447 62.7273

19.4746 62.0000
19.4157 62.1627

70.7590 62.0000
70.9514 62.7273

19.2447 62.7273
19.0930 63.4545

70.9514 62.7273
71.0791 63.4545

19.0930 63.4545
19.0142 64.1818

71.0791 63.4545
71.1415 64.1818

19.0142 64.1818
19.0117 64.9091

71.1415 64.1818
71.1375 64.9091

19.0117 64.9091
19.0883 65.6364

71.1375 64.9091
71.0643 65.6364

19.0883 65.6364
19.2468 66.3636

71.0643 65.6364
70.9175 66.3636

19.2468 66.3636
19.4157 66.8661

19.5041 67.0909
19.4157 66.8661

70.9175 66.3636
70.6899 67.0909

19.5041 67.0909
19.8977 67.8182

70.5843 67.3321
70.3351 67.8182

70.6899 67.0909
70.5843 67.3321

19.8977 67.8182
20.1573 68.1907

20.4524 68.5455
20.1573 68.1907

70.3351 67.8182
69.8433 68.5455

20.4524 68.5455
20.8989 68.9777

21.2705 69.2727
20.8989 68.9777

69.1011 69.2661
69.0927 69.2727

69.8427 68.5462
69.1011 69.2661

69.8433 68.5455
69.8427 68.5462

21.2705 69.2727
21.6404 69.5159

22.3820 69.9071
21.6404 69.5159

22.6061 70.0000
22.3820 69.9071

68.3596 69.7423
67.8482 70.0000

69.0927 69.2727
68.3596 69.7423

22.6061 70.0000
23.1236 70.1820

23.8652 70.3840
23.1236 70.1820

24.6067 70.5393
23.8652 70.3840

25.3483 70.6592
24.6067 70.5393

25.8818 70.7273
25.3483 70.6592

64.6517 70.7047
64.2936 70.7273

65.3933 70.6272
64.6517 70.7047

66.1348 70.5076
65.3933 70.6272

66.8764 70.3346
66.1348 70.5076

67.6180 70.0970
66.8764 70.3346

67.8482 70.0000
67.6180 70.0970

25.8818 70.7273
26.0899 70.7505

26.8315 70.8186
26.0899 70.7505

27.5730 70.8787
26.8315 70.8186

28.3146 70.9354
27.5730 70.8787

29.0562 70.9919
28.3146 70.9354

29.7978 71.0507
29.0562 70.9919

30.5393 71.1134
29.7978 71.0507

31.2809 71.1813
30.5393 71.1134

32.0225 71.2552
31.2809 71.1813

32.7640 71.3355
32.0225 71.2552

33.5056 71.4216
32.7640 71.3355

33.7779 71.4545
33.5056 71.4216

44.6292 71.4504
44.5905 71.4545

45.3708 71.3790
44.6292 71.4504

46.1124 71.3191
45.3708 71.3790

46.8539 71.2715
46.1124 71.3191

47.5955 71.2360
46.8539 71.2715

48.3371 71.2114
47.5955 71.2360

49.0787 71.1953
48.3371 71.2114

49.8202 71.1853
49.0787 71.1953

50.5618 71.1782
49.8202 71.1853

51.3034 71.1713
50.5618 71.1782

52.0449 71.1620
51.3034 71.1713

52.7865 71.1481
52.0449 71.1620

53.5281 71.1285
52.7865 71.1481

54.2697 71.1026
53.5281 71.1285

55.0112 71.0707
54.2697 71.1026

55.7528 71.0340
55.0112 71.0707

56.4944 70.9942
55.7528 71.0340

57.2360 70.9534
56.4944 70.9942

57.9775 70.9142
57.2360 70.9534

58.7191 70.8786
57.9775 70.9142

59.4607 70.8485
58.7191 70.8786

60.2022 70.8248
59.4607 70.8485

60.9438 70.8076
60.2022 70.8248

61.6854 70.7953
60.9438 70.8076

62.4270 70.7848
61.6854 70.7953

63.1685 70.7712
62.4270 70.7848

63.9101 70.7482
63.1685 70.7712

64.2936 70.7273
63.9101 70.7482

33.7779 71.4545
34.2472 71.5046

34.9888 71.5843
34.2472 71.5046

35.7303 71.6613
34.9888 71.5843

36.4719 71.7315
35.7303 71.6613

37.2135 71.7903
36.4719 71.7315

37.9551 71.8331
37.2135 71.7903

38.6966 71.8565
37.9551 71.8331

39.4382 71.8581
38.6966 71.8565

40.1798 71.8377
39.4382 71.8581

40.9213 71.7971
40.1798 71.8377

41.6629 71.7400
40.9213 71.7971

42.4045 71.6714
41.6629 71.7400

43.1461 71.5970
42.4045 71.6714

43.8876 71.5219
43.1461 71.5970

44.5905 71.4545
43.8876 71.5219

41.6629 29.9060
41.2074 30.0000

42.4045 29.7695
41.6629 29.9060

43.1461 29.6551
42.4045 29.7695

43.8876 29.5698
43.1461 29.6551

44.6292 29.5198
43.8876 29.5698

45.3708 29.5095
44.6292 29.5198

46.1124 29.5415
45.3708 29.5095

46.8539 29.6154
46.1124 29.5415

47.5955 29.7282
46.8539 29.6154

48.3371 29.8737
47.5955 29.7282

48.8857 30.0000
48.3371 29.8737

38.6966 30.6310
38.2710 30.7273

39.4382 30.4510
38.6966 30.6310

40.1798 30.2614
39.4382 30.4510

40.9213 30.0696
40.1798 30.2614

41.2074 30.0000
40.9213 30.0696

48.8857 30.0000
49.0787 30.0523

49.8202 30.2743
49.0787 30.0523

50.5618 30.4974
49.8202 30.2743

51.3034 30.7098
50.5618 30.4974

51.3678 30.7273
51.3034 30.7098

34.9888 31.4001
34.5787 31.4545

35.7303 31.2856
34.9888 31.4001

36.4719 31.1511
35.7303 31.2856

37.2135 30.9939
36.4719 31.1511

37.9551 30.8125
37.2135 30.9939

38.2710 30.7273
37.9551 30.8125

51.3678 30.7273
52.0449 30.9451

52.7865 31.1533
52.0449 30.9451

53.5281 31.3289
52.7865 31.1533

54.1679 31.4545
53.5281 31.3289

27.5730 32.1625
27.4036 32.1818

28.3146 32.0950
27.5730 32.1625

29.0562 32.0358
28.3146 32.0950

29.7978 31.9789
29.0562 32.0358

30.5393 31.9201
29.7978 31.9789

31.2809 31.8566
30.5393 31.9201

32.0225 31.7861
31.2809 31.8566

32.7640 31.7065
32.0225 31.7861

33.5056 31.6152
32.7640 31.7065

34.2472 31.5094
33.5056 31.6152

34.5787 31.4545
34.2472 31.5094

54.1679 31.4545
54.2697 31.4794

55.0112 31.6298
54.2697 31.4794

55.7528 31.7504
55.0112 31.6298

56.4944 31.8463
55.7528 31.7504

57.2360 31.9215
56.4944 31.8463

57.9775 31.9793
57.2360 31.9215

58.7191 32.0222
57.9775 31.9793

59.4607 32.0527
58.7191 32.0222

60.2022 32.0735
59.4607 32.0527

60.9438 32.0886
60.2022 32.0735

61.6854 32.1036
60.9438 32.0886

62.4270 32.1266
61.6854 32.1036

63.1685 32.1683
62.4270 32.1266

63.3048 32.1818
63.1685 32.1683

25.3483 32.6411
24.7013 32.9091

26.0899 32.4240
25.3483 32.6411

26.8315 32.2697
26.0899 32.4240

27.4036 32.1818
26.8315 32.2697

63.3048 32.1818
63.9101 32.2655

64.6517 32.4381
63.9101 32.2655

65.3933 32.7098
64.6517 32.4381

65.7629 32.9091
65.3933 32.7098

23.8652 33.6183
23.8499 33.6364

24.6067 32.9687
23.8652 33.6183

24.7013 32.9091
24.6067 32.9687

65.7629 32.9091
66.1348 33.2270

66.4770 33.6364
66.1348 33.2270

23.8499 33.6364
23.5286 34.3636

66.4770 33.6364
66.7576 34.3636

23.5286 34.3636
23.4691 35.0909

66.7576 34.3636
66.7464 35.0909

23.4691 35.0909
23.6356 35.8182

66.7464 35.0909
66.4818 35.8182

23.6356 35.8182
23.8652 36.2734

24.0430 36.5455
23.8652 36.2734

66.1348 36.3391
65.9564 36.5455

66.4818 35.8182
66.1348 36.3391

24.0430 36.5455
24.6067 37.1197

24.8055 37.2727
24.6067 37.1197

65.3933 37.0081
64.9735 37.2727

65.9564 36.5455
65.3933 37.0081

24.8055 37.2727
25.3483 37.5912

26.0899 37.9157
25.3483 37.5912

26.3479 38.0000
26.0899 37.9157

63.1685 37.9255
62.8318 38.0000

63.9101 37.7121
63.1685 37.9255

64.6517 37.4328
63.9101 37.7121

64.9735 37.2727
64.6517 37.4328

26.3479 38.0000
26.8315 38.1294

27.5730 38.2800
26.8315 38.1294

28.3146 38.3985
27.5730 38.2800

29.0562 38.4963
28.3146 38.3985

29.7978 38.5816
29.0562 38.4963

30.5393 38.6595
29.7978 38.5816

31.2185 38.7273
30.5393 38.6595

56.4944 38.7062
56.2946 38.7273

57.2360 38.6317
56.4944 38.7062

57.9775 38.5599
57.2360 38.6317

58.7191 38.4897
57.9775 38.5599

59.4607 38.4197
58.7191 38.4897

60.2022 38.3476
59.4607 38.4197

60.9438 38.2697
60.2022 38.3476

61.6854 38.1810
60.9438 38.2697

62.4270 38.0740
61.6854 38.1810

62.8318 38.0000
62.4270 38.0740

31.2185 38.7273
31.2809 38.7326

32.0225 38.7940
31.2809 38.7326

32.7640 38.8546
32.0225 38.7940

33.5056 38.9151
32.7640 38.8546

34.2472 38.9757
33.5056 38.9151

34.9888 39.0368
34.2472 38.9757

35.7303 39.0986
34.9888 39.0368

36.4719 39.1612
35.7303 39.0986

37.2135 39.2246
36.4719 39.1612

37.9551 39.2886
37.2135 39.2246

38.6966 39.3524
37.9551 39.2886

39.4382 39.4152
38.6966 39.3524

39.9199 39.4545
39.4382 39.4152

49.8202 39.3954
49.2153 39.4545

50.5618 39.3176
49.8202 39.3954

51.3034 39.2368
50.5618 39.3176

52.0449 39.1548
51.3034 39.2368

52.7865 39.0735
52.0449 39.1548

53.5281 38.9942
52.7865 39.0735

54.2697 38.9179
53.5281 38.9942

55.0112 38.8449
54.2697 38.9179

55.7528 38.7755
55.0112 38.8449

56.2946 38.7273
55.7528 38.7755

39.9199 39.4545
40.1798 39.4731

40.9213 39.5230
40.1798 39.4731

41.6629 39.5677
40.9213 39.5230

42.4045 39.6054
41.6629 39.5677

43.1461 39.6344
42.4045 39.6054

43.8876 39.6534
43.1461 39.6344

44.6292 39.6611
43.8876 39.6534

45.3708 39.6569
44.6292 39.6611

46.1124 39.6405
45.3708 39.6569

46.8539 39.6123
46.1124 39.6405

47.5955 39.5730
46.8539 39.6123

48.3371 39.5238
47.5955 39.5730

49.0787 39.4662
48.3371 39.5238

49.2153 39.4545
49.0787 39.4662

28.3146 61.2588
28.1674 61.2727

29.0562 61.2048
28.3146 61.2588

29.7978 61.1609
29.0562 61.2048

30.5393 61.1234
29.7978 61.1609

31.2809 61.0900
30.5393 61.1234

32.0225 61.0594
31.2809 61.0900

32.7640 61.0314
32.0225 61.0594

33.5056 61.0057
32.7640 61.0314

34.2472 60.9825
33.5056 61.0057

34.9888 60.9619
34.2472 60.9825

35.7303 60.9440
34.9888 60.9619

36.4719 60.9290
35.7303 60.9440

37.2135 60.9167
36.4719 60.9290

37.9551 60.9071
37.2135 60.9167

38.6966 60.9001
37.9551 60.9071

39.4382 60.8953
38.6966 60.9001

40.1798 60.8924
39.4382 60.8953

40.9213 60.8912
40.1798 60.8924

41.6629 60.8911
40.9213 60.8912

42.4045 60.8917
41.6629 60.8911

43.1461 60.8924
42.4045 60.8917

43.8876 60.8925
43.1461 60.8924

44.6292 60.8913
43.8876 60.8925

45.3708 60.8882
44.6292 60.8913

46.1124 60.8825
45.3708 60.8882

46.8539 60.8738
46.1124 60.8825

47.5955 60.8619
46.8539 60.8738

48.3371 60.8470
47.5955 60.8619

49.0787 60.8296
48.3371 60.8470

49.8202 60.8106
49.0787 60.8296

50.5618 60.7910
49.8202 60.8106

51.3034 60.7719
50.5618 60.7910

52.0449 60.7539
51.3034 60.7719

52.7865 60.7380
52.0449 60.7539

53.5281 60.7244
52.7865 60.7380

54.2697 60.7134
53.5281 60.7244

55.0112 60.7051
54.2697 60.7134

55.7528 60.6995
55.0112 60.7051

56.4944 60.6971
55.7528 60.6995

57.2360 60.6981
56.4944 60.6971

57.9775 60.7032
57.2360 60.6981

58.7191 60.7132
57.9775 60.7032

59.4607 60.7292
58.7191 60.7132

60.2022 60.7529
59.4607 60.7292

60.9438 60.7864
60.2022 60.7529

61.6854 60.8336
60.9438 60.7864

62.4270 60.8998
61.6854 60.8336

63.1685 60.9932
62.4270 60.8998

63.9101 61.1255
63.1685 60.9932

64.4967 61.2727
63.9101 61.1255

25.3483 61.8161
24.8815 62.0000

26.0899 61.6033
25.3483 61.8161

26.8315 61.4498
26.0899 61.6033

27.5730 61.3386
26.8315 61.4498

28.1674 61.2727
27.5730 61.3386

64.4967 61.2727
64.6517 61.3192

65.3933 61.6273
64.6517 61.3192

66.0483 62.0000
65.3933 61.6273

23.8652 62.6163
23.7369 62.7273

24.6067 62.1325
23.8652 62.6163

24.8815 62.0000
24.6067 62.1325

66.0483 62.0000
66.1348 62.0617

66.8309 62.7273
66.1348 62.0617

23.1236 63.4383
23.1129 63.4545

23.7369 62.7273
23.1236 63.4383

66.8309 62.7273
66.8764 62.7869

67.2644 63.4545
66.8764 62.7869

23.1129 63.4545
22.8140 64.1818

67.2644 63.4545
67.5167 64.1818

22.8140 64.1818
22.7174 64.9091

67.5167 64.1818
67.5885 64.9091

22.7174 64.9091
22.8392 65.6364

67.5885 64.9091
67.4644 65.6364

22.8392 65.6364
23.1236 66.2168

23.2166 66.3636
23.1236 66.2168

67.4644 65.6364
67.1218 66.3636

23.2166 66.3636
23.8652 66.9591

24.0553 67.0909
23.8652 66.9591

66.8764 66.6659
66.4180 67.0909

67.1218 66.3636
66.8764 66.6659

24.0553 67.0909
24.6067 67.3539

25.3483 67.6168
24.6067 67.3539

26.0899 67.8123
25.3483 67.6168

26.1193 67.8182
26.0899 67.8123

65.3933 67.6017
64.6877 67.8182

66.1348 67.2682
65.3933 67.6017

66.4180 67.0909
66.1348 67.2682

26.1193 67.8182
26.8315 67.9255

27.5730 68.0155
26.8315 67.9255

28.3146 68.0940
27.5730 68.0155

29.0562 68.1685
28.3146 68.0940

29.7978 68.2445
29.0562 68.1685

30.5393 68.3254
29.7978 68.2445

31.2809 68.4137
30.5393 68.3254

32.0225 68.5104
31.2809 68.4137

32.2732 68.5455
32.0225 68.5104

46.1124 68.4915
45.4794 68.5455

46.8539 68.4435
46.1124 68.4915

47.5955 68.4101
46.8539 68.4435

48.3371 68.3899
47.5955 68.4101

49.0787 68.3810
48.3371 68.3899

49.8202 68.3808
49.0787 68.3810

50.5618 68.3865
49.8202 68.3808

51.3034 68.3949
50.5618 68.3865

52.0449 68.4028
51.3034 68.3949

52.7865 68.4073
52.0449 68.4028

53.5281 68.4059
52.7865 68.4073

54.2697 68.3968
53.5281 68.4059

55.0112 68.3792
54.2697 68.3968

55.7528 68.3534
55.0112 68.3792

56.4944 68.3208
55.7528 68.3534

57.2360 68.2837
56.4944 68.3208

57.9775 68.2447
57.2360 68.2837

58.7191 68.2065
57.9775 68.2447

59.4607 68.1712
58.7191 68.2065

60.2022 68.1398
59.4607 68.1712

60.9438 68.1118
60.2022 68.1398

61.6854 68.0845
60.9438 68.1118

62.4270 68.0525
61.6854 68.0845

63.1685 68.0073
62.4270 68.0525

63.9101 67.9370
63.1685 68.0073

64.6517 67.8263
63.9101 67.9370

64.6877 67.8182
64.6517 67.8263

32.2732 68.5455
32.7640 68.6005

33.5056 68.6884
32.7640 68.6005

34.2472 68.7795
33.5056 68.6884

34.9888 68.8706
34.2472 68.7795

35.7303 68.9569
34.9888 68.8706

36.4719 69.0328
35.7303 68.9569

37.2135 69.0920
36.4719 69.0328

37.9551 69.1291
37.2135 69.0920

38.6966 69.1399
37.9551 69.1291

39.4382 69.1235
38.6966 69.1399

40.1798 69.0814
39.4382 69.1235

40.9213 69.0185
40.1798 69.0814

41.6629 68.9411
40.9213 69.0185

42.4045 68.8562
41.6629 68.9411

43.1461 68.7704
42.4045 68.8562

43.8876 68.6889
43.1461 68.7704

44.6292 68.6157
43.8876 68.6889

45.3708 68.5530
44.6292 68.6157

45.4794 68.5455
45.3708 68.5530

