x y
47.5780 0.4808
48.9485 0.9507
48.7389 1.5700
47.1069 1.5700
47.5780 0.4808

49.6059 0.0000
50.4670 0.0000
50.3822 0.2420
49.6059 0.0000

49.6059 0.0000
50.3822 0.2420
49.7058 1.5700
48.9485 0.9507
49.6059 0.0000

47.8638 0.0000
48.9485 0.9507
47.5780 0.4808
47.8638 0.0000

46.4675 0.0000
47.8638 0.0000
47.5780 0.4808
46.4675 0.0000

50.3822 0.2420
51.1161 0.5329
50.7550 1.5700
49.7058 1.5700
50.3822 0.2420

50.3822 0.2420
50.4670 0.0000
51.1161 0.5329
50.3822 0.2420

46.4675 0.0000
47.5780 0.4808
47.1069 1.5700
46.1107 0.6910
46.4675 0.0000

55.6735 0.0000
55.8472 0.0000
55.9216 0.2058
55.6735 0.0000

51.1573 0.0000
53.0703 0.0000
52.6047 1.0581
51.1161 0.5329
51.1573 0.0000

68.6292 0.5681
68.6622 0.0000
70.8262 1.5700
68.6292 0.5681

44.6036 1.3018
45.3359 1.5700
44.5082 1.5700
44.6036 1.3018

8.0000 0.0000
14.5751 0.0000
13.5828 1.5688
8.0000 0.0000

45.2605 0.0000
46.1107 0.6910
45.3359 1.5700
44.6036 1.3018
45.2605 0.0000

58.2763 0.0000
60.5386 0.0000
60.7013 0.3254
59.4200 1.0244
58.2763 0.0000

55.6472 0.0723
55.6735 0.0000
55.9216 0.2058
55.6472 0.0723

37.3368 0.1671
38.1825 0.6409
38.5377 1.5700
36.2035 1.5700
37.3368 0.1671

54.1946 0.9963
54.9034 1.5700
53.7325 1.5700
54.1946 0.9963

52.6047 1.0581
53.7325 1.5700
52.3046 1.5700
52.6047 1.0581

43.7546 0.0000
45.2605 0.0000
44.6036 1.3018
43.6546 0.8646
43.7546 0.0000

50.4670 0.0000
51.1573 0.0000
51.1161 0.5329
50.4670 0.0000

40.0538 0.0000
41.7775 0.0000
41.0139 0.7844
40.0538 0.0000

55.9216 0.2058
57.5022 1.5700
56.1741 1.5700
55.9216 0.2058

45.2605 0.0000
46.4675 0.0000
46.1107 0.6910
45.2605 0.0000

48.9485 0.9507
49.7058 1.5700
48.7389 1.5700
48.9485 0.9507

53.0703 0.0000
55.4568 0.0000
54.1946 0.9963
53.0703 0.0000

51.1161 0.5329
52.6047 1.0581
52.3046 1.5700
51.1161 0.5329

55.4568 0.0000
55.6735 0.0000
55.6472 0.0723
55.4568 0.0000

43.6546 0.8646
44.5082 1.5700
43.7364 1.5700
43.6546 0.8646

43.6546 0.8646
44.6036 1.3018
44.5082 1.5700
43.6546 0.8646

55.4568 0.0000
55.6472 0.0723
54.9034 1.5700
54.1946 0.9963
55.4568 0.0000

51.1161 0.5329
52.3046 1.5700
50.7550 1.5700
51.1161 0.5329

42.6571 0.0000
43.7546 0.0000
43.6546 0.8646
42.6571 0.0000

47.8638 0.0000
49.6059 0.0000
48.9485 0.9507
47.8638 0.0000

55.6472 0.0723
55.9216 0.2058
56.1741 1.5700
54.9034 1.5700
55.6472 0.0723

73.1856 0.0000
74.8898 0.0000
74.2336 0.6547
73.1856 0.0000

46.1107 0.6910
47.1069 1.5700
45.3359 1.5700
46.1107 0.6910

55.9216 0.2058
55.8472 0.0000
58.2763 0.0000
57.8058 1.0402
55.9216 0.2058

58.2763 0.0000
59.4200 1.0244
58.7260 1.5700
57.8058 1.0402
58.2763 0.0000

59.4200 1.0244
60.1010 1.5700
58.7260 1.5700
59.4200 1.0244

41.7775 0.0000
42.6571 0.0000
42.4479 0.3585
41.7775 0.0000

53.0703 0.0000
54.1946 0.9963
53.7325 1.5700
52.6047 1.0581
53.0703 0.0000

42.4479 0.3585
43.6546 0.8646
43.7364 1.5700
41.8894 1.5700
42.4479 0.3585

38.1825 0.6409
39.2624 1.5700
38.5377 1.5700
38.1825 0.6409

60.7013 0.3254
60.1010 1.5700
59.4200 1.0244
60.7013 0.3254

55.9216 0.2058
57.8058 1.0402
57.5022 1.5700
55.9216 0.2058

42.4479 0.3585
42.6571 0.0000
43.6546 0.8646
42.4479 0.3585

60.5386 0.0000
60.8770 0.0000
60.7013 0.3254
60.5386 0.0000

41.7775 0.0000
42.4479 0.3585
41.8894 1.5700
41.0139 0.7844
41.7775 0.0000

57.8058 1.0402
58.7260 1.5700
57.5022 1.5700
57.8058 1.0402

85.3969 1.4223
86.1869 1.5700
85.1873 1.5700
85.3969 1.4223

37.4505 0.0000
37.9033 0.0000
38.1825 0.6409
37.4505 0.0000

60.8770 0.0000
61.2959 0.0000
61.0479 0.1454
60.8770 0.0000

65.9344 1.5700
65.9344 1.5700
65.9344 1.5700
65.9344 1.5700

68.6292 0.5681
70.8262 1.5700
70.8262 1.5700
68.4000 1.5700
68.6292 0.5681

41.0139 0.7844
41.8894 1.5700
39.8817 1.5700
41.0139 0.7844

37.3368 0.1671
37.4505 0.0000
38.1825 0.6409
37.3368 0.1671

37.9033 0.0000
40.0538 0.0000
39.3657 1.3335
38.1825 0.6409
37.9033 0.0000

70.8262 1.5700
70.8262 1.5700
70.8262 1.5700
70.8262 1.5700

40.0538 0.0000
41.0139 0.7844
39.8817 1.5700
39.3657 1.3335
40.0538 0.0000

60.8770 0.0000
61.0479 0.1454
60.7013 0.3254
60.8770 0.0000

66.0628 0.0000
67.0754 0.0000
65.9344 1.5700
65.9344 1.5700
66.0628 0.0000

34.9499 0.0000
37.1646 0.0000
35.6772 0.9337
34.9499 0.0000

67.0754 0.0000
68.6622 0.0000
68.6292 0.5681
67.0754 0.0000

79.1463 0.4461
84.9549 0.0000
79.4564 1.5700
79.1463 0.4461

68.6292 0.5681
68.4000 1.5700
65.9344 1.5700
65.9344 1.5700
68.6292 0.5681

71.4790 0.0000
73.1856 0.0000
72.0161 0.5755
71.4790 0.0000

65.2635 0.0000
66.0628 0.0000
65.9344 1.5700
65.9344 1.5700
65.2635 0.0000

63.1136 0.9360
65.9344 1.5700
65.9344 1.5700
62.8298 1.5700
63.1136 0.9360

61.2959 0.0000
63.4746 0.0000
63.1136 0.9360
61.2959 0.0000

35.6772 0.9337
36.2035 1.5700
34.7606 1.5700
35.6772 0.9337

67.0754 0.0000
68.6292 0.5681
65.9344 1.5700
67.0754 0.0000

14.6544 0.0000
20.1947 0.0000
19.8342 1.5667
14.6544 0.0000

68.6622 0.0000
70.1084 0.0000
70.8262 1.5700
68.6622 0.0000

60.7013 0.3254
61.5069 1.5700
60.1010 1.5700
60.7013 0.3254

34.9499 0.0000
35.6772 0.9337
34.7606 1.5700
34.1589 1.0183
34.9499 0.0000

33.7276 0.0000
34.9499 0.0000
34.1589 1.0183
33.7276 0.0000

33.0188 0.0000
33.7276 0.0000
33.2594 0.6670
33.0188 0.0000

70.1084 0.0000
71.4790 0.0000
70.8262 1.5700
70.8262 1.5700
70.1084 0.0000

37.1646 0.0000
37.3368 0.1671
36.2035 1.5700
35.6772 0.9337
37.1646 0.0000

37.1646 0.0000
37.4505 0.0000
37.3368 0.1671
37.1646 0.0000

38.1825 0.6409
39.3657 1.3335
39.2624 1.5700
38.1825 0.6409

84.9549 0.0000
84.9549 0.0000
92.0000 0.0000
86.1869 1.3603
84.9549 0.0000

65.9344 1.5700
65.9344 1.5700
65.9344 1.5700
65.9344 1.5700

79.0906 0.0000
84.9549 0.0000
84.9549 0.0000
79.1463 0.4461
79.0906 0.0000

39.3657 1.3335
39.8817 1.5700
39.2624 1.5700
39.3657 1.3335

84.9271 1.3896
85.1873 1.5700
83.9712 1.5700
84.9271 1.3896

70.8262 1.5700
70.8262 1.5700
70.8262 1.5700
70.8262 1.5700

14.5751 0.0000
14.6168 0.0000
13.5887 1.5690
13.5828 1.5688
14.5751 0.0000

60.7013 0.3254
61.0479 0.1454
62.8298 1.5700
61.5069 1.5700
60.7013 0.3254

84.9549 0.0000
84.9549 0.0000
84.9549 0.0000
84.9549 0.0000

65.9344 1.5700
65.9344 1.5700
65.9344 1.5700
65.9344 1.5700

76.4069 0.0000
79.0906 0.0000
76.5275 1.1967
76.4069 0.0000

61.0479 0.1454
61.2959 0.0000
63.1136 0.9360
62.8298 1.5700
61.0479 0.1454

79.1463 0.4461
79.4564 1.5700
76.4670 1.5700
76.5275 1.1967
79.1463 0.4461

25.2991 0.0000
27.0312 0.0000
27.0375 0.6542
25.2991 0.0000

27.0375 0.6542
28.2225 0.0000
29.4090 0.7212
28.5595 1.5700
27.0375 0.6542

19.8342 1.5667
19.8349 1.5700
19.8296 1.5700
19.8342 1.5667

33.2594 0.6670
33.7276 0.0000
34.1589 1.0183
33.6326 1.5700
33.2594 0.6670

92.0000 0.0000
92.0000 0.7850
86.1869 1.5700
86.1869 1.3603
92.0000 0.0000

92.0000 0.7850
92.0000 1.5700
86.1869 1.5700
92.0000 0.7850

84.9549 0.0000
84.9549 0.0000
83.9712 1.5700
79.4564 1.5700
84.9549 0.0000

34.1589 1.0183
34.7606 1.5700
33.6326 1.5700
34.1589 1.0183

72.0161 0.5755
73.1856 0.0000
74.2336 0.6547
73.0564 1.5700
72.0161 0.5755

28.2225 0.0000
29.3408 0.0000
29.4090 0.7212
28.2225 0.0000

74.8898 0.0000
76.4069 0.0000
76.5275 1.1967
75.5511 1.3718
74.8898 0.0000

84.9549 0.0000
84.9271 1.3896
83.9712 1.5700
84.9549 0.0000

27.0375 0.6542
28.5595 1.5700
27.1908 1.5700
27.0375 0.6542

75.5511 1.3718
76.5275 1.1967
75.6240 1.5700
75.5511 1.3718

27.0375 0.6542
27.1908 1.5700
25.7943 1.5700
27.0375 0.6542

75.5511 1.3718
75.6240 1.5700
74.9423 1.5700
75.5511 1.3718

71.4790 0.0000
72.0161 0.5755
70.8262 1.5700
70.8262 1.5700
71.4790 0.0000

29.4090 0.7212
29.6418 1.5700
28.5595 1.5700
29.4090 0.7212

24.1038 0.5590
24.1003 1.5700
19.8424 1.5700
19.8678 1.5573
24.1038 0.5590

74.2336 0.6547
74.8898 0.0000
75.5511 1.3718
74.9423 1.5700
74.2336 0.6547

65.9344 1.5700
65.9344 1.5700
65.9344 1.5700
65.9344 1.5700

8.0000 0.7843
13.5828 1.5688
13.5828 1.5700
8.0000 1.5700
8.0000 0.7843

8.0000 0.7843
8.0000 0.0000
13.5828 1.5688
8.0000 0.7843

24.1038 0.5590
25.7943 1.5700
24.1003 1.5700
24.1038 0.5590

19.8342 1.5667
19.8424 1.5700
19.8349 1.5700
19.8342 1.5667

27.0312 0.0000
28.2225 0.0000
27.0375 0.6542
27.0312 0.0000

79.0906 0.0000
79.1463 0.4461
76.5275 1.1967
79.0906 0.0000

72.0161 0.5755
73.0564 1.5700
70.8262 1.5700
72.0161 0.5755

84.9549 0.0000
85.1873 1.5700
84.9271 1.3896
84.9549 0.0000

76.5275 1.1967
76.4670 1.5700
75.6240 1.5700
76.5275 1.1967

70.8262 1.5700
70.8262 1.5700
70.8262 1.5700
70.8262 1.5700

24.1038 0.5590
25.2991 0.0000
27.0375 0.6542
25.7943 1.5700
24.1038 0.5590

20.1947 0.0000
23.1708 0.0000
19.8678 1.5573
19.8342 1.5667
20.1947 0.0000

23.1708 0.0000
24.0753 0.0000
24.1038 0.5590
23.1708 0.0000

19.8678 1.5573
19.8424 1.5700
19.8342 1.5667
19.8678 1.5573

84.9549 0.0000
85.3969 1.4223
85.1873 1.5700
84.9549 0.0000

23.1708 0.0000
24.1038 0.5590
19.8678 1.5573
23.1708 0.0000

24.0753 0.0000
25.2991 0.0000
24.1038 0.5590
24.0753 0.0000

74.2336 0.6547
74.9423 1.5700
73.0564 1.5700
74.2336 0.6547

63.4746 0.0000
65.2635 0.0000
65.9344 1.5700
63.4746 0.0000

63.4746 0.0000
65.9344 1.5700
63.1136 0.9360
63.4746 0.0000

13.5887 1.5690
13.5888 1.5700
13.5828 1.5700
13.5887 1.5690

13.5828 1.5688
13.5887 1.5690
13.5828 1.5700
13.5828 1.5688

84.9549 0.0000
84.9549 0.0000
84.9549 0.0000
84.9549 0.0000

84.9549 0.0000
84.9549 0.0000
84.9549 0.0000
84.9549 0.0000

85.3969 1.4223
86.1869 1.3603
86.1869 1.5700
85.3969 1.4223

84.9549 0.0000
86.1869 1.3603
85.3969 1.4223
84.9549 0.0000

13.5887 1.5690
13.5948 1.5681
13.5888 1.5700
13.5887 1.5690

14.6168 0.0000
14.6544 0.0000
13.5948 1.5681
13.5887 1.5690
14.6168 0.0000

13.5948 1.5681
19.8342 1.5667
19.8296 1.5700
13.5888 1.5700
13.5948 1.5681

14.6544 0.0000
19.8342 1.5667
13.5948 1.5681
14.6544 0.0000

52.3046 1.5700
52.9307 2.3729
50.8492 3.4003
52.3046 1.5700

26.3633 8.1484
29.1064 9.4010
29.5327 13.1746
27.3721 11.4897
26.3633 8.1484

50.8492 3.4003
52.9307 2.3729
53.0476 4.5583
49.8422 5.2633
50.8492 3.4003

42.4344 8.0297
43.4370 9.0402
40.5580 9.5835
42.4344 8.0297

63.9587 4.3591
64.3760 4.7282
63.3093 4.7746
63.9587 4.3591

27.9718 3.4159
29.4344 5.5805
27.2764 6.7892
27.9718 3.4159

53.0476 4.5583
54.8046 5.4480
52.3416 5.6739
49.8422 5.2633
53.0476 4.5583

24.4157 8.2580
26.3633 8.1484
24.9599 11.0177
24.4157 8.2580

25.7943 1.5700
27.1908 1.5700
27.9718 3.4159
26.1861 3.1438
25.7943 1.5700

61.1457 5.6662
62.8405 7.1567
60.0093 7.3390
61.1457 5.6662

26.3633 8.1484
27.3721 11.4897
24.9599 11.0177
26.3633 8.1484

29.1064 9.4010
32.8105 8.8522
29.5327 13.1746
29.1064 9.4010

54.8046 5.4480
54.4103 5.8619
52.3416 5.6739
54.8046 5.4480

75.3599 3.2160
77.7621 3.9215
80.8374 8.5426
74.9709 7.1733
75.3599 3.2160

75.3599 3.2160
74.1624 7.0003
73.1631 6.0427
75.3599 3.2160

29.1263 7.2613
32.8105 8.8522
29.1064 9.4010
29.1263 7.2613

44.2387 6.8658
44.8174 8.4290
43.4370 9.0402
44.2387 6.8658

42.1404 5.6564
44.2387 6.8658
42.4344 8.0297
42.1404 5.6564

41.9974 12.9146
40.9924 14.3928
39.8324 14.1526
41.9974 12.9146

32.8902 8.7605
32.9199 8.8592
32.8504 8.8235
32.8902 8.7605

22.3025 7.3538
24.4157 8.2580
20.5188 8.5077
22.3025 7.3538

37.7248 7.6711
38.4062 6.6111
42.4344 8.0297
40.5580 9.5835
37.7248 7.6711

19.8419 1.5756
24.4867 2.5127
25.4859 7.3339
19.8419 1.5756

26.1861 3.1438
27.9718 3.4159
27.2764 6.7892
26.1861 3.1438

44.2387 6.8658
43.4370 9.0402
42.4344 8.0297
44.2387 6.8658

49.8422 6.3089
52.3416 5.6739
54.4103 5.8619
51.7229 7.4014
49.8422 6.3089

40.5272 5.5220
42.1404 5.6564
42.4344 8.0297
38.4062 6.6111
40.5272 5.5220

54.8046 5.4480
55.2072 6.1323
54.4103 5.8619
54.8046 5.4480

54.5759 10.3645
54.9034 10.4998
52.9874 15.4412
52.8959 15.3160
54.5759 10.3645

63.3093 4.7746
64.3760 4.7282
64.2178 5.2381
63.3093 4.7746

27.2764 6.7892
29.1263 7.2613
29.1064 9.4010
26.3633 8.1484
27.2764 6.7892

50.7550 1.5700
52.3046 1.5700
50.8492 3.4003
50.7550 1.5700

19.8365 1.5792
24.4157 8.2580
22.3025 7.3538
19.8365 1.5792

46.1929 5.5259
48.6253 5.6621
48.2264 8.4513
46.9230 9.1567
46.1929 5.5259

41.9018 4.1148
42.2027 5.0257
41.6770 5.0416
41.9018 4.1148

49.8422 5.2633
52.3416 5.6739
49.8422 6.3089
49.8422 5.2633

36.6600 5.8391
37.7536 6.2359
37.7248 7.6711
36.6600 5.8391

37.0130 10.7846
40.5580 9.5835
41.9974 12.9146
39.8324 14.1526
37.0130 10.7846

32.8104 8.7703
32.8902 8.7605
32.8504 8.8235
32.8104 8.7703

37.7248 7.6711
40.5580 9.5835
37.0130 10.7846
37.7248 7.6711

49.8422 6.3089
51.7229 7.4014
51.6214 9.2086
49.8422 6.3089

19.8365 1.5792
19.8419 1.5756
25.4859 7.3339
24.4157 8.2580
19.8365 1.5792

49.8422 6.3089
51.6214 9.2086
50.0458 8.2783
49.8422 6.3089

43.4370 9.0402
47.0314 10.6467
44.9901 12.6562
41.9974 12.9146
43.4370 9.0402

44.8174 8.4290
44.2387 6.8658
46.9230 9.1567
47.5850 10.2674
44.8174 8.4290

40.5580 9.5835
43.4370 9.0402
41.9974 12.9146
40.5580 9.5835

27.9718 3.4159
29.2880 2.7969
29.4344 5.5805
27.9718 3.4159

51.7229 7.4014
54.4103 5.8619
54.9034 9.4504
54.5759 10.3645
51.7229 7.4014

19.8365 1.5792
22.3025 7.3538
20.5188 8.5077
19.8365 1.5792

46.5328 2.7332
46.1929 5.5259
44.7197 5.0356
46.5328 2.7332

49.8422 6.3089
50.0458 8.2783
47.5850 10.2674
48.2264 8.4513
49.8422 6.3089

44.4157 2.1245
45.3359 1.5700
46.5328 2.7332
44.7197 5.0356
44.4157 2.1245

55.2072 6.1323
56.5559 5.3548
58.2258 5.7807
57.7243 8.0287
55.2072 6.1323

63.9587 4.3591
64.3517 4.2597
64.3760 4.7282
63.9587 4.3591

25.4859 7.3339
26.3633 8.1484
24.4157 8.2580
25.4859 7.3339

41.6770 5.0416
42.1404 5.6564
40.5272 5.5220
41.6770 5.0416

55.2527 10.3500
55.0432 10.6102
54.9034 10.4998
55.2527 10.3500

52.9307 2.3729
54.8046 5.4480
53.0476 4.5583
52.9307 2.3729

48.1441 3.5312
49.3340 4.3621
48.6253 5.6621
48.1441 3.5312

52.8959 15.3160
52.9874 15.4412
52.8866 15.5700
52.8959 15.3160

50.0458 2.1845
50.7550 1.5700
50.8492 3.4003
49.8422 5.2633
50.0458 2.1845

41.5543 4.5824
41.6770 5.0416
40.5272 5.5220
41.5543 4.5824

44.2387 6.8658
46.1929 5.5259
46.9230 9.1567
44.2387 6.8658

46.5328 2.7332
48.1441 3.5312
48.6253 5.6621
46.1929 5.5259
46.5328 2.7332

74.9709 7.1733
80.8374 8.5426
73.7948 11.2426
74.9709 7.1733

70.8262 1.5700
72.3495 3.1578
71.2665 3.8971
70.8262 1.5700

46.9230 9.1567
48.2264 8.4513
47.5850 10.2674
46.9230 9.1567

41.6770 5.0416
42.2027 5.0257
42.1404 5.6564
41.6770 5.0416

49.3340 4.3621
49.8422 5.2633
48.6253 5.6621
49.3340 4.3621

25.7943 1.5700
26.1861 3.1438
24.4867 2.5127
25.7943 1.5700

38.8310 3.0428
40.5272 5.5220
37.7536 6.2359
38.8310 3.0428

41.9018 4.1148
41.6770 5.0416
41.5543 4.5824
41.9018 4.1148

75.3599 3.2160
74.9709 7.1733
74.1624 7.0003
75.3599 3.2160

41.9974 12.9146
41.7627 15.5700
40.9924 14.3928
41.9974 12.9146

48.7389 1.5700
49.7058 1.5700
49.3340 4.3621
48.1441 3.5312
48.7389 1.5700

62.8405 7.1567
64.2178 5.2381
65.2963 9.7036
62.8405 7.1567

27.3721 11.4897
29.5327 13.1746
28.0865 15.5700
27.3721 11.4897

36.6600 5.8391
37.7248 7.6711
33.1153 8.7106
36.6600 5.8391

24.4867 2.5127
26.1861 3.1438
27.2764 6.7892
25.4859 7.3339
24.4867 2.5127

44.7197 5.0356
46.1929 5.5259
44.2387 6.8658
44.7197 5.0356

36.2035 1.5700
38.5377 1.5700
35.4457 3.1344
36.2035 1.5700

47.5850 10.2674
48.2496 10.6750
47.2849 13.4112
47.5850 10.2674

32.8504 8.8235
32.9199 8.8592
32.8105 8.8522
32.8504 8.8235

54.4103 5.8619
55.2072 6.1323
54.9034 9.4504
54.4103 5.8619

29.1263 7.2613
29.4344 5.5805
32.8104 8.7703
32.8105 8.8522
29.1263 7.2613

47.1069 1.5700
48.1441 3.5312
46.5328 2.7332
47.1069 1.5700

43.4370 9.0402
44.8174 8.4290
47.5850 10.2674
47.0314 10.6467
43.4370 9.0402

47.0314 10.6467
47.5850 10.2674
47.2849 13.4112
47.0314 10.6467

38.8310 3.0428
39.2624 1.5700
41.5543 4.5824
40.5272 5.5220
38.8310 3.0428

63.6013 3.5030
63.9587 4.3591
63.3093 4.7746
63.6013 3.5030

76.4670 1.5700
77.7621 3.9215
75.3599 3.2160
76.4670 1.5700

60.4303 2.8352
63.3093 4.7746
61.1457 5.6662
60.4303 2.8352

60.0093 7.3390
62.8405 7.1567
61.5477 8.8852
60.0093 7.3390

20.5188 8.5077
24.4157 8.2580
20.6890 12.9621
20.5188 8.5077

49.7058 1.5700
50.0458 2.1845
49.8422 5.2633
49.3340 4.3621
49.7058 1.5700

51.6214 9.2086
54.5759 10.3645
53.0484 10.6078
48.2496 10.6750
51.6214 9.2086

35.4457 3.1344
38.5377 1.5700
38.8310 3.0428
36.6600 5.8391
35.4457 3.1344

19.8419 1.5756
19.8424 1.5700
24.1003 1.5700
24.4867 2.5127
19.8419 1.5756

15.2516 7.5313
15.5946 8.5578
14.5403 8.5240
15.2516 7.5313

55.0432 10.6102
55.2527 10.3500
56.3503 12.4422
55.0432 10.6102

61.1457 5.6662
63.3093 4.7746
64.2178 5.2381
62.8405 7.1567
61.1457 5.6662

14.5403 8.5240
15.5946 8.5578
15.1089 9.0733
14.5403 8.5240

53.0484 10.6078
54.5759 10.3645
52.8959 15.3160
52.3839 15.0634
53.0484 10.6078

41.9974 12.9146
44.9901 12.6562
41.7627 15.5700
41.9974 12.9146

51.7229 7.4014
54.5759 10.3645
51.6214 9.2086
51.7229 7.4014

25.4859 7.3339
27.2764 6.7892
26.3633 8.1484
25.4859 7.3339

77.7621 3.9215
81.2724 7.1755
80.8374 8.5426
77.7621 3.9215

55.4739 2.2366
56.1741 1.5700
57.8288 3.1853
57.9468 4.7606
55.4739 2.2366

54.9034 10.4998
55.0432 10.6102
54.9219 10.8082
54.9034 10.4998

39.8324 14.1526
40.9924 14.3928
40.4863 15.5700
39.8324 14.1526

52.9307 2.3729
53.7325 1.5700
54.9034 3.5624
54.8046 5.4480
52.9307 2.3729

80.8374 8.5426
81.1869 10.2773
74.4757 12.3590
73.7948 11.2426
80.8374 8.5426

50.0458 8.2783
51.6214 9.2086
48.2496 10.6750
47.5850 10.2674
50.0458 8.2783

52.3839 15.0634
52.8959 15.3160
52.8866 15.5700
52.3839 15.0634

61.5477 8.8852
62.8405 7.1567
65.2963 9.7036
64.0301 11.2440
61.5477 8.8852

40.5272 5.5220
38.4062 6.6111
37.7536 6.2359
40.5272 5.5220

29.4344 5.5805
29.1263 7.2613
27.2764 6.7892
29.4344 5.5805

19.8001 1.6202
19.8365 1.5792
20.5188 8.5077
15.5946 8.5578
19.8001 1.6202

42.2027 5.0257
44.7197 5.0356
44.2387 6.8658
42.1404 5.6564
42.2027 5.0257

32.8104 8.7703
32.8504 8.8235
32.8105 8.8522
32.8104 8.7703

72.2759 10.6578
73.1581 11.6126
72.5442 12.2300
72.2759 10.6578

24.4157 8.2580
24.9599 11.0177
21.7769 15.5700
20.6890 12.9621
24.4157 8.2580

37.7536 6.2359
38.4062 6.6111
37.7248 7.6711
37.7536 6.2359

44.5082 1.5700
45.3359 1.5700
44.4157 2.1245
44.5082 1.5700

70.9942 5.4746
73.1631 6.0427
72.5451 7.6045
69.9562 8.0369
70.9942 5.4746

53.7325 1.5700
54.9034 1.5700
54.9034 3.5624
53.7325 1.5700

63.6013 3.5030
64.3517 4.2597
63.9587 4.3591
63.6013 3.5030

54.9034 3.5624
55.4739 2.2366
57.9468 4.7606
56.5559 5.3548
54.9034 3.5624

24.9599 11.0177
27.3721 11.4897
28.0865 15.5700
24.9997 15.5700
24.9599 11.0177

55.2072 6.1323
57.7243 8.0287
55.2527 10.3500
54.9034 9.4504
55.2072 6.1323

69.9562 8.0369
72.5451 7.6045
72.2759 10.6578
69.9562 8.0369

54.9034 10.4998
54.9219 10.8082
52.9866 15.5700
52.9874 15.4412
54.9034 10.4998

31.7207 4.0952
32.2070 4.8359
31.4486 4.9224
31.7207 4.0952

58.2258 5.7807
58.8435 9.4875
57.7243 8.0287
58.2258 5.7807

31.7207 4.0952
32.2321 3.7630
32.2070 4.8359
31.7207 4.0952

60.4303 2.8352
61.1457 5.6662
59.1842 4.9258
60.4303 2.8352

44.4157 2.1245
44.7197 5.0356
42.2027 5.0257
44.4157 2.1245

39.2624 1.5700
39.8817 1.5700
41.9018 4.1148
41.5543 4.5824
39.2624 1.5700

27.1908 1.5700
28.5595 1.5700
29.2880 2.7969
27.9718 3.4159
27.1908 1.5700

47.1069 1.5700
48.7389 1.5700
48.1441 3.5312
47.1069 1.5700

55.2527 10.3500
58.8435 9.4875
58.8666 14.4627
56.3503 12.4422
55.2527 10.3500

52.9874 15.4412
52.9866 15.5700
52.8866 15.5700
52.9874 15.4412

45.3359 1.5700
47.1069 1.5700
46.5328 2.7332
45.3359 1.5700

34.5718 5.0360
36.6600 5.8391
33.1153 8.7106
32.8902 8.7605
34.5718 5.0360

32.8105 8.8522
32.8538 8.9159
30.5180 15.5700
29.5327 13.1746
32.8105 8.8522

48.2496 10.6750
53.0484 10.6078
52.3839 15.0634
48.2496 10.6750

29.4344 5.5805
31.4486 4.9224
32.8104 8.7703
29.4344 5.5805

54.9034 3.5624
56.5559 5.3548
54.8046 5.4480
54.9034 3.5624

35.4457 3.1344
36.6600 5.8391
34.5718 5.0360
35.4457 3.1344

47.0314 10.6467
47.2849 13.4112
44.9901 12.6562
47.0314 10.6467

83.9217 4.2432
85.1873 1.5700
92.0000 8.5658
83.9217 4.2432

38.5377 1.5700
39.2624 1.5700
38.8310 3.0428
38.5377 1.5700

61.5477 8.8852
64.0301 11.2440
60.2422 10.9217
61.5477 8.8852

54.9034 1.5700
55.4739 2.2366
54.9034 3.5624
54.9034 1.5700

54.9034 1.5700
56.1741 1.5700
55.4739 2.2366
54.9034 1.5700

48.6253 5.6621
49.8422 6.3089
48.2264 8.4513
48.6253 5.6621

40.9924 14.3928
41.7627 15.5700
40.4863 15.5700
40.9924 14.3928

32.8105 8.8522
32.9199 8.8592
32.8538 8.9159
32.8105 8.8522

69.9562 8.0369
72.2759 10.6578
69.4860 9.5198
69.9562 8.0369

57.8288 3.1853
58.6842 4.0204
57.9468 4.7606
57.8288 3.1853

14.5403 8.5240
15.1089 9.0733
14.0598 9.5686
14.5403 8.5240

60.0093 7.3390
61.5477 8.8852
60.2422 10.9217
58.8435 9.4875
60.0093 7.3390

60.4303 2.8352
61.5069 1.5700
63.6013 3.5030
63.3093 4.7746
60.4303 2.8352

58.8435 9.4875
60.2422 10.9217
58.8666 14.4627
58.8435 9.4875

54.8046 5.4480
56.5559 5.3548
55.2072 6.1323
54.8046 5.4480

60.2422 10.9217
64.0301 11.2440
61.9487 13.0624
60.2422 10.9217

65.9344 1.5700
64.3760 4.7282
64.3517 4.2597
65.9344 1.5700

32.8538 8.9159
32.9199 8.8592
35.7855 13.7477
34.2874 15.5700
32.8538 8.9159

58.6842 4.0204
59.1842 4.9258
57.9468 4.7606
58.6842 4.0204

52.3046 1.5700
53.7325 1.5700
52.9307 2.3729
52.3046 1.5700

30.8891 3.5089
31.7207 4.0952
31.4486 4.9224
30.8891 3.5089

81.9927 8.4236
92.0000 8.5658
83.9655 14.4710
81.9927 8.4236

69.4860 9.5198
72.2759 10.6578
70.2114 12.0751
69.4860 9.5198

48.6253 5.6621
49.8422 5.2633
49.8422 6.3089
48.6253 5.6621

29.2880 2.7969
30.8891 3.5089
31.4486 4.9224
29.4344 5.5805
29.2880 2.7969

54.9219 10.8082
55.0432 10.6102
56.3503 12.4422
54.9219 10.8082

32.8902 8.7605
33.1153 8.7106
32.9199 8.8592
32.8902 8.7605

8.0142 8.5533
14.5403 8.5240
14.0598 9.5686
8.0142 8.5533

76.4670 1.5700
79.4564 1.5700
81.2724 7.1755
77.7621 3.9215
76.4670 1.5700

70.2114 12.0751
72.2759 10.6578
72.5442 12.2300
69.7424 15.5700
70.2114 12.0751

58.7260 1.5700
60.1010 1.5700
58.6842 4.0204
57.8288 3.1853
58.7260 1.5700

58.2258 5.7807
59.1842 4.9258
61.1457 5.6662
60.0093 7.3390
58.2258 5.7807

15.5946 8.5578
20.5188 8.5077
20.6890 12.9621
16.4048 10.3063
15.5946 8.5578

43.7364 1.5700
44.4157 2.1245
42.2027 5.0257
41.9018 4.1148
43.7364 1.5700

73.2712 11.0912
73.7948 11.2426
73.1581 11.6126
73.2712 11.0912

74.1624 7.0003
74.9709 7.1733
73.7948 11.2426
73.2712 11.0912
74.1624 7.0003

32.9199 8.8592
37.0130 10.7846
35.7855 13.7477
32.9199 8.8592

60.1010 1.5700
60.4303 2.8352
59.1842 4.9258
58.6842 4.0204
60.1010 1.5700

29.6418 1.5700
30.8891 3.5089
29.2880 2.7969
29.6418 1.5700

15.1089 9.0733
15.5946 8.5578
14.1543 15.3590
14.0153 15.5700
15.1089 9.0733

49.7058 1.5700
50.7550 1.5700
50.0458 2.1845
49.7058 1.5700

32.8538 8.9159
34.2874 15.5700
30.5180 15.5700
32.8538 8.9159

32.2321 3.7630
34.0545 3.1071
34.5718 5.0360
32.2070 4.8359
32.2321 3.7630

14.0598 9.5686
15.1089 9.0733
14.0153 15.5700
13.7587 15.5700
14.0598 9.5686

83.9217 4.2432
92.0000 8.5658
92.0000 8.5658
81.9927 8.4236
83.9217 4.2432

56.1741 1.5700
57.5022 1.5700
57.8288 3.1853
56.1741 1.5700

80.8374 8.5426
81.9927 8.4236
81.1869 10.2773
80.8374 8.5426

81.2724 7.1755
81.9927 8.4236
80.8374 8.5426
81.2724 7.1755

13.5936 1.5997
15.2516 7.5313
14.0425 7.4710
13.5936 1.5997

19.8296 1.5700
19.8349 1.5700
19.8365 1.5792
19.8296 1.5700

33.6326 1.5700
34.0545 3.1071
32.2321 3.7630
33.6326 1.5700

58.2258 5.7807
60.0093 7.3390
58.8435 9.4875
58.2258 5.7807

68.1137 8.3468
69.4860 9.5198
66.7517 10.9609
65.2963 9.7036
68.1137 8.3468

44.9901 12.6562
47.2849 13.4112
46.6882 15.5700
41.7627 15.5700
44.9901 12.6562

34.0545 3.1071
35.4457 3.1344
34.5718 5.0360
34.0545 3.1071

57.7243 8.0287
58.8435 9.4875
55.2527 10.3500
57.7243 8.0287

13.5936 1.5997
14.0425 7.4710
8.0142 8.5533
13.5936 1.5997

14.0425 7.4710
15.2516 7.5313
14.5403 8.5240
14.0425 7.4710

24.9599 11.0177
24.9997 15.5700
21.7769 15.5700
24.9599 11.0177

73.1581 11.6126
73.7948 11.2426
73.4293 12.3039
73.1581 11.6126

74.4757 12.3590
81.1869 10.2773
77.5585 15.5700
74.4757 12.3590

43.7364 1.5700
44.5082 1.5700
44.4157 2.1245
43.7364 1.5700

65.2963 9.7036
66.7517 10.9609
64.0301 11.2440
65.2963 9.7036

61.5069 1.5700
62.8298 1.5700
63.6013 3.5030
61.5069 1.5700

14.0425 7.4710
14.5403 8.5240
8.0142 8.5533
14.0425 7.4710

73.7948 11.2426
74.4757 12.3590
73.4293 12.3039
73.7948 11.2426

72.5451 7.6045
74.1624 7.0003
73.2712 11.0912
72.2759 10.6578
72.5451 7.6045

48.2496 10.6750
52.3839 15.0634
47.2849 13.4112
48.2496 10.6750

16.4048 10.3063
20.6890 12.9621
19.6280 15.5700
16.4048 10.3063

32.9199 8.8592
33.1153 8.7106
37.7248 7.6711
37.0130 10.7846
32.9199 8.8592

73.1631 6.0427
74.1624 7.0003
72.5451 7.6045
73.1631 6.0427

57.9468 4.7606
59.1842 4.9258
58.2258 5.7807
57.9468 4.7606

37.6291 12.5258
37.0130 10.7846
39.8324 14.1526
40.4863 15.5700
37.6291 12.5258

92.0000 8.5658
92.0000 8.5658
85.4779 15.5700
83.9655 14.4710
92.0000 8.5658

33.6326 1.5700
34.7606 1.5700
35.4457 3.1344
34.0545 3.1071
33.6326 1.5700

70.8262 1.5700
70.8262 1.5700
73.0564 1.5700
72.3495 3.1578
70.8262 1.5700

57.9468 4.7606
58.2258 5.7807
56.5559 5.3548
57.9468 4.7606

73.1581 11.6126
73.4293 12.3039
72.5442 12.2300
73.1581 11.6126

92.0000 8.5658
92.0000 8.5658
92.0000 8.5658
92.0000 8.5658

28.5595 1.5700
29.6418 1.5700
29.2880 2.7969
28.5595 1.5700

72.2759 10.6578
73.2712 11.0912
73.1581 11.6126
72.2759 10.6578

60.2422 10.9217
61.9487 13.0624
59.0844 15.5700
58.8666 14.4627
60.2422 10.9217

61.9487 13.0624
64.0301 11.2440
64.9712 13.8473
64.1937 15.5700
61.9487 13.0624

8.0505 8.6124
8.0142 8.5533
14.0598 9.5686
13.7587 15.5700
8.0505 8.6124

32.2070 4.8359
34.5718 5.0360
32.8902 8.7605
32.2070 4.8359

70.8262 1.5700
70.8262 1.5700
70.8262 1.5700
70.8262 1.5700

41.8894 1.5700
43.7364 1.5700
41.9018 4.1148
41.8894 1.5700

20.6890 12.9621
21.7769 15.5700
19.6280 15.5700
20.6890 12.9621

56.3503 12.4422
58.8666 14.4627
58.5979 15.5700
56.3503 12.4422

31.4486 4.9224
32.2070 4.8359
32.8902 8.7605
32.8104 8.7703
31.4486 4.9224

8.0000 8.5533
8.0142 8.5533
8.0000 8.5558
8.0000 8.5533

37.0130 10.7846
37.6291 12.5258
36.1489 15.5700
35.7855 13.7477
37.0130 10.7846

24.1003 1.5700
25.7943 1.5700
24.4867 2.5127
24.1003 1.5700

83.9655 14.4710
85.4779 15.5700
84.1613 15.5700
83.9655 14.4710

74.9423 1.5700
75.6240 1.5700
75.3599 3.2160
74.9423 1.5700

19.8296 1.5700
19.8365 1.5792
19.8001 1.6202
19.8296 1.5700

19.8001 1.6202
15.5946 8.5578
15.2516 7.5313
19.8001 1.6202

54.9034 9.4504
54.9034 10.4998
54.5759 10.3645
54.9034 9.4504

54.9034 9.4504
55.2527 10.3500
54.9034 10.4998
54.9034 9.4504

85.1873 1.5700
86.1869 1.5700
92.0000 8.5658
85.1873 1.5700

92.0000 8.5658
92.0000 8.5658
92.0000 8.5658
92.0000 8.5658

92.0000 8.5658
92.0000 8.5658
92.0000 8.5658
92.0000 8.5658

65.9344 1.5700
64.3517 4.2597
63.6013 3.5030
65.9344 1.5700

75.6240 1.5700
76.4670 1.5700
75.3599 3.2160
75.6240 1.5700

64.0301 11.2440
66.7517 10.9609
64.9712 13.8473
64.0301 11.2440

66.7517 10.9609
68.1039 13.3420
64.9712 13.8473
66.7517 10.9609

39.8817 1.5700
41.8894 1.5700
41.9018 4.1148
39.8817 1.5700

72.5442 12.2300
73.4293 12.3039
71.4234 15.5700
69.7424 15.5700
72.5442 12.2300

47.2849 13.4112
52.3839 15.0634
52.8866 15.5700
47.3729 15.5700
47.2849 13.4112

13.5828 1.5700
13.5888 1.5700
13.5936 1.5997
13.5828 1.5700

54.9219 10.8082
56.3503 12.4422
53.9436 15.5700
52.9866 15.5700
54.9219 10.8082

81.1869 10.2773
81.9927 8.4236
83.9655 14.4710
83.0290 15.5700
81.1869 10.2773

8.0000 8.5509
8.0142 8.5533
8.0000 8.5533
8.0000 8.5509

37.6291 12.5258
40.4863 15.5700
36.1489 15.5700
37.6291 12.5258

57.5022 1.5700
58.7260 1.5700
57.8288 3.1853
57.5022 1.5700

83.9217 4.2432
81.9927 8.4236
81.2724 7.1755
83.9217 4.2432

47.2849 13.4112
47.3729 15.5700
46.6882 15.5700
47.2849 13.4112

58.8666 14.4627
59.0844 15.5700
58.5979 15.5700
58.8666 14.4627

61.9487 13.0624
64.1937 15.5700
59.0844 15.5700
61.9487 13.0624

34.7606 1.5700
36.2035 1.5700
35.4457 3.1344
34.7606 1.5700

56.3503 12.4422
58.5979 15.5700
53.9436 15.5700
56.3503 12.4422

79.4564 1.5700
83.9712 1.5700
83.9217 4.2432
81.2724 7.1755
79.4564 1.5700

13.5828 1.5700
13.5936 1.5997
8.0142 8.5533
8.0000 8.5509
13.5828 1.5700

15.5946 8.5578
16.4048 10.3063
14.4545 15.5700
14.1543 15.3590
15.5946 8.5578

29.5327 13.1746
30.5180 15.5700
28.0865 15.5700
29.5327 13.1746

64.9712 13.8473
68.1039 13.3420
69.7424 15.5700
65.2714 15.5700
64.9712 13.8473

14.1543 15.3590
14.4545 15.5700
14.0153 15.5700
14.1543 15.3590

60.1010 1.5700
61.5069 1.5700
60.4303 2.8352
60.1010 1.5700

8.0000 8.5558
8.0142 8.5533
8.0505 8.6124
8.0000 8.5558

35.7855 13.7477
36.1489 15.5700
34.2874 15.5700
35.7855 13.7477

83.9655 14.4710
84.1613 15.5700
83.0290 15.5700
83.9655 14.4710

64.9712 13.8473
65.2714 15.5700
64.1937 15.5700
64.9712 13.8473

13.5936 1.5997
19.8001 1.6202
15.2516 7.5313
13.5936 1.5997

73.4293 12.3039
74.4757 12.3590
77.5585 15.5700
75.6281 15.5700
73.4293 12.3039

70.8262 1.5700
70.8262 1.5700
70.8262 1.5700
70.8262 1.5700

83.9712 1.5700
85.1873 1.5700
83.9217 4.2432
83.9712 1.5700

92.0000 8.5658
92.0000 15.5700
85.4779 15.5700
92.0000 8.5658

13.5888 1.5700
19.8296 1.5700
19.8001 1.6202
13.5936 1.5997
13.5888 1.5700

65.9344 1.5700
65.9344 1.5700
65.9344 1.5700
65.9344 1.5700

16.4048 10.3063
19.6280 15.5700
14.4545 15.5700
16.4048 10.3063

81.1869 10.2773
83.0290 15.5700
77.5585 15.5700
81.1869 10.2773

62.8298 1.5700
65.9344 1.5700
65.9344 1.5700
63.6013 3.5030
62.8298 1.5700

8.0000 8.5558
8.0505 8.6124
13.7587 15.5700
8.0000 15.5700
8.0000 8.5558

86.1869 1.5700
92.0000 1.5700
92.0000 8.5658
92.0000 8.5658
86.1869 1.5700

8.0000 1.5700
13.5828 1.5700
8.0000 8.5509
8.0000 1.5700

73.4293 12.3039
75.6281 15.5700
71.4234 15.5700
73.4293 12.3039

71.2665 3.8971
72.3495 3.1578
73.1631 6.0427
71.2665 3.8971

71.2665 3.8971
73.1631 6.0427
70.9942 5.4746
71.2665 3.8971

38.8310 3.0428
37.7536 6.2359
36.6600 5.8391
38.8310 3.0428

19.8349 1.5700
19.8419 1.5756
19.8365 1.5792
19.8349 1.5700

19.8349 1.5700
19.8424 1.5700
19.8419 1.5756
19.8349 1.5700

72.3495 3.1578
74.9423 1.5700
75.3599 3.2160
73.1631 6.0427
72.3495 3.1578

73.0564 1.5700
74.9423 1.5700
72.3495 3.1578
73.0564 1.5700

68.1039 13.3420
70.2114 12.0751
69.7424 15.5700
68.1039 13.3420

66.7517 10.9609
69.4860 9.5198
70.2114 12.0751
68.1039 13.3420
66.7517 10.9609

58.5979 15.5700
59.0844 15.5700
58.7183 22.3184
57.8283 22.4292
58.5979 15.5700

59.0844 15.5700
64.1937 15.5700
64.7038 17.3817
59.5159 16.5046
59.0844 15.5700

47.3729 15.5700
52.8866 15.5700
52.9155 15.7112
47.5465 16.4460
47.3729 15.5700

34.2874 15.5700
36.1489 15.5700
35.9017 17.5596
34.2874 15.5700

40.4863 15.5700
41.7627 15.5700
43.0349 20.2364
40.4863 15.5700

65.2714 15.5700
69.7424 15.5700
68.6928 18.0757
64.7038 17.3817
65.2714 15.5700

24.9997 15.5700
28.0865 15.5700
30.1579 21.2573
28.8455 21.6704
24.9997 15.5700

43.0349 20.2364
45.9031 18.9984
44.3449 22.6332
43.0349 20.2364

46.6882 15.5700
47.3729 15.5700
45.9031 18.9984
46.6882 15.5700

53.4356 16.3320
53.9436 15.5700
58.5979 15.5700
57.8283 22.4292
53.4356 16.3320

36.1489 15.5700
40.4863 15.5700
37.6345 19.8178
36.1489 15.5700

57.8283 22.4292
58.7183 22.3184
58.0819 23.5700
57.8283 22.4292

47.5465 16.4460
52.9155 15.7112
51.1798 23.5700
47.5465 16.4460

69.7424 15.5700
71.4234 15.5700
72.3154 21.8424
71.1398 22.0257
69.7424 15.5700

52.9866 15.5700
53.9436 15.5700
53.4356 16.3320
52.9866 15.5700

64.7038 17.3817
68.6928 18.0757
70.3166 23.5700
64.7038 17.3817

59.5159 16.5046
64.7038 17.3817
59.4978 23.5700
59.5159 16.5046

53.4356 16.3320
57.8283 22.4292
56.6613 23.5700
53.4356 16.3320

34.2874 15.5700
35.9017 17.5596
32.1440 20.7941
34.2874 15.5700

40.5405 17.0496
40.4863 15.5700
43.0349 20.2364
40.5405 17.0496

59.0844 15.5700
59.5159 16.5046
59.4978 23.5700
58.7183 22.3184
59.0844 15.5700

30.1579 21.2573
32.1440 20.7941
30.4269 23.5700
30.1579 21.2573

47.3729 15.5700
47.5465 16.4460
45.9031 18.9984
47.3729 15.5700

52.9155 15.7112
52.9866 15.5700
53.4356 16.3320
52.9155 15.7112

71.1398 22.0257
72.3154 21.8424
71.8911 23.5700
71.1398 22.0257

52.8866 15.5700
52.9866 15.5700
52.9155 15.7112
52.8866 15.5700

68.6928 18.0757
69.7424 15.5700
71.1398 22.0257
70.3166 23.5700
68.6928 18.0757

45.9031 18.9984
44.2925 23.5700
44.3449 22.6332
45.9031 18.9984

21.7769 15.5700
24.9997 15.5700
23.5880 18.4373
21.7769 15.5700

30.5180 15.5700
34.2874 15.5700
32.1440 20.7941
30.1579 21.2573
30.5180 15.5700

43.0349 20.2364
44.3449 22.6332
44.2925 23.5700
43.0349 20.2364

40.4863 15.5700
40.5405 17.0496
37.4105 23.5700
37.6345 19.8178
40.4863 15.5700

28.8455 21.6704
30.1579 21.2573
29.1299 23.5700
28.8455 21.6704

25.0103 18.9116
24.9997 15.5700
28.8455 21.6704
29.1299 23.5700
25.0103 18.9116

64.7038 17.3817
70.3166 23.5700
64.9590 23.5700
64.7038 17.3817

64.1937 15.5700
65.2714 15.5700
64.7038 17.3817
64.1937 15.5700

41.7627 15.5700
46.6882 15.5700
45.9031 18.9984
43.0349 20.2364
41.7627 15.5700

45.9031 18.9984
47.5465 16.4460
51.1798 23.5700
45.6752 23.5700
45.9031 18.9984

35.9017 17.5596
36.1489 15.5700
37.6345 19.8178
37.4105 23.5700
35.9017 17.5596

58.7183 22.3184
59.4978 23.5700
58.0819 23.5700
58.7183 22.3184

23.5880 18.4373
24.9997 15.5700
25.0103 18.9116
23.2857 23.5700
23.5880 18.4373

64.7038 17.3817
64.9590 23.5700
59.4978 23.5700
64.7038 17.3817

57.8283 22.4292
58.0819 23.5700
56.6613 23.5700
57.8283 22.4292

45.9031 18.9984
45.6752 23.5700
44.2925 23.5700
45.9031 18.9984

71.1398 22.0257
71.8911 23.5700
70.3166 23.5700
71.1398 22.0257

13.7587 15.5700
14.0153 15.5700
13.7709 15.8596
13.7587 15.5700

28.0865 15.5700
30.5180 15.5700
30.1579 21.2573
28.0865 15.5700

52.9155 15.7112
53.4356 16.3320
56.6613 23.5700
51.1798 23.5700
52.9155 15.7112

8.0000 15.5700
13.7587 15.5700
7.9018 19.3894
8.0000 15.5700

7.9974 8.5556
8.0000 8.5558
8.0000 15.5700
4.1806 15.6682
7.9974 8.5556

84.1067 21.7949
85.4097 23.5700
83.9366 23.5700
84.1067 21.7949

84.1067 21.7949
85.3764 22.7625
85.4097 23.5700
84.1067 21.7949

19.6280 15.5700
21.7769 15.5700
21.3267 18.4217
19.6280 15.5700

83.0290 15.5700
84.1613 15.5700
85.3764 22.7625
84.1067 21.7949
83.0290 15.5700

75.6281 15.5700
77.2607 18.3360
73.4652 23.5700
72.3154 21.8424
75.6281 15.5700

40.5405 17.0496
43.0349 20.2364
42.9833 23.5700
37.4105 23.5700
40.5405 17.0496

13.7709 15.8596
14.0153 15.5700
14.5639 18.3841
13.7709 15.8596

14.5639 18.3841
15.8542 22.9323
15.6186 23.5700
14.5639 18.3841

71.4234 15.5700
75.6281 15.5700
72.3154 21.8424
71.4234 15.5700

13.7587 15.5700
13.7709 15.8596
7.7942 23.5700
7.9018 19.3894
13.7587 15.5700

72.3154 21.8424
73.4652 23.5700
71.8911 23.5700
72.3154 21.8424

32.1440 20.7941
35.9017 17.5596
37.4105 23.5700
31.8488 23.5700
32.1440 20.7941

32.1440 20.7941
31.8488 23.5700
30.4269 23.5700
32.1440 20.7941

21.3267 18.4217
21.7769 15.5700
23.5880 18.4373
23.2857 23.5700
21.3267 18.4217

25.0103 18.9116
29.1299 23.5700
23.2857 23.5700
25.0103 18.9116

85.3764 22.7625
86.5604 22.1673
85.4097 23.5700
85.3764 22.7625

7.9974 8.5530
8.0000 8.5533
8.0000 8.5558
7.9974 8.5530

14.5639 18.3841
15.6186 23.5700
15.1054 23.5700
14.5639 18.3841

84.1613 15.5700
85.4779 15.5700
86.5604 22.1673
85.3764 22.7625
84.1613 15.5700

92.0000 15.5700
92.2952 19.6409
86.6993 23.5700
86.5604 22.1673
92.0000 15.5700

75.6281 15.5700
77.5585 15.5700
77.2607 18.3360
75.6281 15.5700

43.0349 20.2364
44.2925 23.5700
42.9833 23.5700
43.0349 20.2364

30.1579 21.2573
30.4269 23.5700
29.1299 23.5700
30.1579 21.2573

19.6280 15.5700
21.3267 18.4217
16.1958 23.5700
15.8542 22.9323
19.6280 15.5700

7.9974 8.5556
4.1806 15.6682
0.0000 12.5700
7.9974 8.5556

92.2952 19.6409
92.5726 23.5700
86.6993 23.5700
92.2952 19.6409

13.7709 15.8596
14.5639 18.3841
15.1054 23.5700
7.7942 23.5700
13.7709 15.8596

86.5604 22.1673
86.6993 23.5700
85.4097 23.5700
86.5604 22.1673

85.4779 15.5700
92.0000 15.5700
86.5604 22.1673
85.4779 15.5700

14.0153 15.5700
14.4545 15.5700
14.5639 18.3841
14.0153 15.5700

92.0000 8.5658
92.0000 8.5658
92.0000 8.5658
92.0000 8.5658

77.2607 18.3360
78.7111 23.5700
73.4652 23.5700
77.2607 18.3360

15.8542 22.9323
16.1958 23.5700
15.6186 23.5700
15.8542 22.9323

0.0000 12.5700
4.1806 15.6682
0.0000 16.6935
0.0000 12.5700

7.9974 8.5530
8.0000 8.5558
7.9974 8.5556
7.9974 8.5530

21.3267 18.4217
23.2857 23.5700
16.1958 23.5700
21.3267 18.4217

0.0000 8.4465
7.9974 8.5530
7.9974 8.5556
0.0000 12.5700
0.0000 8.4465

92.0000 8.5658
92.0000 8.5658
100.0000 8.4465
100.0000 12.5700
92.0000 8.5658

92.0000 8.5658
92.0000 8.5658
92.0000 8.5658
92.0000 8.5658

92.0000 8.5658
92.0000 8.5658
92.0000 8.5658
92.0000 8.5658

8.0000 8.5509
8.0000 8.5533
7.9974 8.5530
8.0000 8.5509

14.4545 15.5700
19.6280 15.5700
15.8542 22.9323
14.5639 18.3841
14.4545 15.5700

77.5585 15.5700
83.0290 15.5700
79.2321 18.5788
77.5585 15.5700

77.2607 18.3360
77.5585 15.5700
79.2321 18.5788
78.7111 23.5700
77.2607 18.3360

79.2321 18.5788
83.0290 15.5700
84.1067 21.7949
79.2321 18.5788

79.2321 18.5788
84.1067 21.7949
83.9366 23.5700
78.7111 23.5700
79.2321 18.5788

92.0000 8.5658
92.0000 8.5658
100.0000 16.6935
95.8194 16.5445
92.0000 8.5658

92.0000 8.5658
95.8194 16.5445
92.0000 15.5700
92.0000 8.5658

92.0000 8.5658
100.0000 12.5700
100.0000 16.6935
92.0000 8.5658

